105
168
179
223
249
338
553
569
860
893
987
1055
1116
1342
1626
2035
2344
2545
2621
2751
2822
3441
3550
3693
3695
3708
3735
3834
3925
4025
4493
4569
4778
4908
4939
5085
5185
5557
5678
5700
5778
6000
6007
6014
6065
6240
6378
6587
6588
6654
6711
6785
6856
6901
7067
7115
7344
7396
7410
7471
7480
7630
7652
7795
7893
8072
8076
8262
8325
8820
8862
9013
9076
9090
9165
9494
9601
9615
9726
10146
10185
10221
10226
10241
10380
10426
10508
10641
10762
10777
10933
10937
11253
11392
11411
11641
11724
11785
11804
11853
11947
12192
12236
12293
12489
12647
12652
12961
12987
13132
13239
13437
13450
13603
13710
13773
13951
14006
14340
14418
14520
14611
14628
14833
14916
14942
14949
15213
15340
15543
15557
15887
15907
16068
16131
16361
16406
16577
16655
16738
16837
16838
17062
17084
17247
17249
17527
17593
17635
17648
17677
17793
17813
18207
18215
18227
18486
18545
18768
18884
19007
19223
19226
19403
19410
19427
19617
20093
20229
20235
20270
20399
20725
20903
20931
21080
21811
21908
21970
22057
22126
22183
22303
22824
22856
23302
23361
23680
23976
24041
24285
24540
24852
25024
25194
25212
25238
25599
25617
25657
25727
26241
26301
26493
26665
26711
26780
26848
26857
27197
27215
27240
27416
27438
27529
27555
27694
27760
27920
28042
28382
28502
28725
28932
29032
29092
29150
29159
29227
29264
29320
29534
29625
29629
29658
30031
30126
30154
30272
30348
30356
30804
30821
30921
30951
30964
30993
31168
31263
31322
31499
31782
31877
31926
32083
32268
32303
32461
32798
32943
33128
33551
33815
33979
34024
34035
34050
34061
34086
34129
34131
34314
34487
34488
34799
35098
35110
35361
35370
35414
35507
35548
35552
35558
35717
35743
35796
35977
36009
36078
36194
36202
36297
36403
36493
36665
37106
37130
37169
37283
37366
37373
37511
37543
37618
37681
37936
38083
38167
38243
38374
38477
38547
38595
38608
38649
38712
38780
38845
39061
39224
39301
39340
39718
39873
40097
40130
40130
40409
40425
40496
40555
40626
40786
40952
41049
41064
41191
41197
41200
41272
41315
41824
41831
42368
42452
42467
42468
42480
42815
42845
42880
42882
43292
43474
43711
43790
44248
45091
45155
45227
45421
45551
45589
45681
45837
45965
46054
46056
46425
46542
46779
46908
46956
46967
46979
47077
47260
47375
47511
47640
47731
47756
47780
47808
47844
47926
48070
48502
48668
48779
48797
48871
48982
49002
49008
49127
49130
49158
49275
49373
49391
49554
49566
49794
49996
50073
50133
50134
50223
50303
50386
50766
50875
50931
51063
51495
51901
52142
52365
52386
52435
52632
52919
52933
53148
53221
53252
53287
53447
53462
53621
53651
54602
54625
54860
54958
55161
55170
55448
55468
56036
56199
56300
56304
56400
56488
56639
56719
56792
56892
56919
57085
57119
57124
57185
57195
57298
57299
57354
57370
57578
57732
57760
57853
57867
58001
58022
58023
58062
58313
58356
58386
58434
58789
58817
58878
59109
59160
59312
59812
59840
59986
60259
60291
60350
60380
60631
60732
60932
61396
61416
61499
61580
61870
62259
62635
62938
63196
63466
63632
64014
64018
64077
64710
64791
64842
64860
64994
65007
65263
65805
65949
66106
66255
66567
66645
66840
66923
66991
67025
67088
67326
67383
67609
67768
68006
68047
68075
68134
68473
68580
68581
68914
68988
69093
69197
69340
69370
69590
69603
69652
69686
69819
69933
70078
70162
70323
70404
70410
70516
70635
70799
71046
71096
71220
71462
71562
71742
72045
72289
72595
72602
72760
72931
73517
73601
73634
73729
73749
74172
74334
74365
74587
74791
75043
75202
75224
75333
75479
75547
75598
75706
75853
75998
76411
76733
76990
77030
77248
77357
77438
77631
77663
77926
78008
78085
78145
78212
78225
78435
78450
78615
78944
79045
79366
79493
79834
79896
79943
79947
80159
80245
80393
80490
80542
80776
81093
81257
81318
81323
81361
81405
81598
81664
81814
81851
81975
82101
82138
82175
82221
82367
82593
82837
82846
82865
82939
83354
83417
83591
83659
83786
83873
83929
84289
84420
84507
85167
85213
85467
85555
85730
85750
85754
85896
85976
86034
86046
86208
86509
86516
86710
86783
86893
87110
87199
87202
87353
87461
87667
87863
88014
88213
88617
88630
88666
88742
89250
89259
89526
89576
89590
89620
89680
89835
90079
90471
90523
90667
90702
90753
90901
91020
91148
91334
91394
91411
91417
91440
91537
91835
92022
92039
92072
92283
92492
92672
92736
92842
92987
93132
93309
93439
93654
93929
94092
94114
94199
94249
94345
94550
94904
95069
95133
95209
95250
95270
95403
95585
95607
95978
96017
96161
96167
96198
96247
96257
96324
96375
96599
96617
97095
97149
97156
97431
97513
97626
97802
97849
98029
98087
98178
98197
98459
98487
98543
98720
98748
98829
98852
98978
99094
99307
99609
99657
100052
100108
100988
101057
101262
101292
101370
101580
101712
101729
101788
101824
101965
102127
102152
102496
102517
102543
102552
102783
103229
103263
103534
103605
103717
103892
103931
104095
104161
104528
104634
104673
104803
104885
105006
105030
105036
105272
105281
105372
105414
105444
105880
106089
106218
106274
106309
106705
107038
107183
107193
107246
107702
107752
107759
107803
107994
108217
108325
108358
108648
108789
108824
108864
109016
109186
109267
109355
109580
109716
109742
110345
110550
110592
110604
110837
110887
111076
111467
111484
111810
111863
112181
112399
112434
112573
112688
112690
112693
112760
112911
113362
113406
113547
113733
113802
113824
113916
114184
114206
114241
114461
114530
114537
114558
114786
115044
115136
115160
115194
115425
115537
115683
116058
116083
116194
116198
116255
116348
116786
116868
116949
117227
117267
117306
117475
117573
117622
117698
117738
118072
118135
118276
118305
118326
118353
118590
118649
118675
118783
119020
119135
119227
119292
119392
119561
119730
119777
119837
119912
119965
119967
119980
120112
120119
120283
120480
120502
120502
120668
120710
120712
120813
121226
121594
121773
121819
121872
122265
122292
122334
122338
122372
122443
122474
122513
122676
122708
122792
122882
122922
122994
123040
123248
123285
123347
123474
123544
123544
123821
123854
123873
124057
124064
124076
124190
124199
124462
124470
124549
124746
124762
124807
124912
125075
125177
125246
125352
125495
125596
125631
125716
125775
125789
125926
126038
126093
126149
126538
126736
126970
126993
127256
127286
127310
127493
127498
127523
127554
127609
127875
128149
128452
128689
128755
128894
129132
129141
129238
129312
129372
129454
129488
129781
129968
130013
130264
130386
130618
130874
130926
131015
131304
131366
131494
131599
131727
131803
131937
132171
132188
132201
132256
132345
132349
132705
132861
132962
132968
133004
133207
133336
133511
133550
133845
133908
133917
134041
134250
134280
134497
134656
134686
134702
134831
134872
134896
134912
134938
135078
135194
135211
135405
135492
135498
135529
135793
135825
135881
136092
136205
136329
136354
136731
136837
137200
137205
137281
137310
137363
137378
137567
137741
137809
137835
137896
137925
137936
138285
138447
138703
139194
139426
139459
139651
139895
139976
140053
140218
140556
140609
140624
140676
140866
140918
141050
141059
141219
141269
141315
141320
141343
141497
141771
141855
142174
142249
142429
142450
142528
142771
142784
142828
142893
143176
143222
143348
143355
143595
143670
143834
144567
144788
144874
144882
145109
145139
145439
145460
145587
145677
145763
145855
145898
145933
146000
146374
146593
146664
146701
146738
146756
146807
146844
146885
146966
147180
147215
147326
147458
147582
147646
147913
147930
147985
148269
148320
148420
148520
148638
148909
148964
148964
149001
149212
149600
149866
149929
149956
149957
150017
150144
150481
150549
150605
150842
150854
151117
151117
151135
151224
151234
151328
151359
151574
151644
151779
151816
152046
152319
152348
152575
152591
152616
152652
152772
152802
152867
152894
153052
153105
153161
153516
153519
153903
153943
154167
154286
154287
154334
154601
154804
155237
155308
155314
155540
155572
155591
155627
155647
155801
156181
156219
156546
156587
156604
156626
156648
156711
157086
157287
157359
157539
157582
157778
157925
158277
158279
158466
158559
158637
158727
159055
159245
159540
159654
159732
159762
160027
160097
160497
160528
160561
160599
160673
160802
160965
160991
161050
161065
161170
161360
161840
161872
161902
161928
162118
162161
162276
162452
162462
162675
162682
163062
163156
163172
163263
163550
164872
164875
165195
165274
165391
165435
166180
166539
166859
166945
166990
167083
167197
167835
167914
168026
168429
168597
168674
168691
168740
168902
168955
169078
169088
169166
169279
169383
170019
170258
170283
170317
170360
170431
170785
170865
170886
171037
171128
171166
171594
171662
171741
171861
171867
171994
172045
172062
172093
172242
172373
172422
172662
172736
172816
172981
173153
173274
173418
173540
173560
173819
174099
174498
175239
175266
175279
175488
175632
175703
175861
176051
176079
176232
176319
176690
176784
177125
177156
177240
177299
177360
177380
177443
177504
177874
177912
178415
178551
178590
178610
178724
178832
178914
179203
179239
179376
179382
179447
179480
179648
179736
179888
180045
180083
180192
180573
181020
181064
181163
181419
181562
181691
181817
181877
181898
181907
182154
182217
182338
182553
182666
182765
182891
182968
183027
183189
183194
183251
183297
183307
183369
183396
183458
183621
183649
183733
183789
183939
183978
184012
184052
184089
184115
184137
184291
184334
184471
184902
184918
185249
185257
185304
185325
185480
185774
185910
185994
186038
186106
186247
186477
186596
186615
186745
187067
187189
187206
187425
187463
187505
188113
188163
188223
188268
188425
188454
188768
188923
189126
189145
189574
189594
190012
190026
190224
190229
190242
190344
190659
190820
190988
191211
191303
191418
191503
191533
191702
191922
191985
191989
192123
192222
192259
192291
192299
192372
192423
192586
192713
192736
193084
193167
193240
193252
193442
193738
193786
194262
194575
194647
194673
194685
194699
195155
195332
195349
195379
195577
195685
195945
196229
196254
196316
196384
196488
196491
196548
196618
196845
197280
197343
197389
197582
197789
198080
198209
198515
198640
198789
199127
199294
199398
199436
199577
199871
199931
200018
200132
200266
200404
200510
200580
200769
200954
201056
201288
201608
201674
201683
202044
202399
202427
202470
202480
202518
202710
202807
202881
202997
203186
203187
203403
203431
203702
203860
204030
204070
204252
204328
204370
204402
204433
204460
204555
204693
204949
205144
205185
205224
205225
205268
205297
205543
205566
205666
205737
205760
205907
206002
206015
206188
206208
206352
206599
206685
206805
207176
207597
207632
207831
207897
207980
208191
208250
208295
208449
208454
208471
208508
208548
208708
208732
208747
208770
209072
209519
209890
210413
210872
210920
211135
211177
211530
211699
211931
212122
212435
212457
212595
212671
212820
212913
213221
213251
213282
213295
213343
213587
213589
213772
213970
214244
214373
214488
214686
214752
214982
215095
215162
215684
215707
215781
216642
216865
216883
216982
216984
217054
217099
217153
217271
217320
217622
217646
217719
217936
217953
218326
218520
218523
218557
218596
218877
219187
219412
219531
219642
220074
220131
220494
220509
220818
221116
221118
221171
221214
221273
221285
221331
221461
221682
221965
222135
222162
222192
222297
222383
222626
222663
222666
222803
222921
222934
223019
223608
224042
224229
224355
224374
224865
224868
224921
225017
225208
225271
225554
226128
226268
226317
226317
226340
226652
226914
227182
227379
227487
227572
227573
227639
227684
227708
227726
227767
227767
227872
227943
227944
227958
228023
228294
228302
228423
228463
228481
228689
228913
228950
228978
229069
229401
229438
229480
229573
229625
229673
229961
230016
230181
230183
230209
230379
230593
230658
230870
230977
231248
231251
231604
231611
231697
231885
231908
232156
232233
232240
232300
232488
232519
232637
232661
232693
232925
232953
233204
233660
233673
233779
233909
233946
233982
234058
234226
234261
234286
234353
234356
234716
234831
234931
234989
235143
235168
235198
235219
235316
235676
235680
235726
235760
235878
235991
236102
236172
236197
236239
236633
236672
236846
236888
236889
237110
237375
237498
237594
238198
238235
238256
238325
238773
238850
238874
238883
238929
238953
238963
239184
239247
239895
239984
240068
240134
240176
240426
240636
240795
241110
241177
241208
241465
241536
241539
241995
242060
242272
242299
242321
242357
242585
242711
243239
243490
243531
243656
243698
243711
243837
243886
244108
244229
244390
244518
244594
244621
244727
244902
244931
244937
244947
245154
245241
245279
245335
245532
245557
245894
246017
246222
246278
246286
246381
246432
246444
246516
246546
246798
246910
247498
247863
247945
248118
248171
248179
248263
248433
248439
248445
248476
248800
249047
249057
249081
249340
249344
249376
249380
249417
249463
249560
249587
249707
249784
249916
249972
250342
250455
250550
250671
250880
251006
251043
251164
251443
251671
251746
251935
251995
252369
252465
252488
252509
252839
253041
253133
253563
253605
253744
253892
254038
254207
254357
254482
254649
254760
254777
254781
254810
254914
255031
255337
255348
255373
255407
255416
255471
255785
255807
255889
255943
256042
256181
256194
256441
256580
256581
256613
256625
256661
256800
257115
257133
257201
257243
257294
257318
257509
257528
257562
257579
257945
258157
258215
258287
258584
258760
258962
259219
259420
259520
259539
259546
259706
259742
259937
260079
260222
260239
260239
260368
260504
260554
260764
260942
260964
261111
261275
261299
261477
261500
261737
262020
262075
262135
262197
262298
262319
262344
262346
262652
262683
262701
262740
262741
262759
262825
262843
262936
262983
263170
263196
263244
263447
263574
263636
263802
263914
264044
264082
264118
264341
264552
264582
264608
264730
264873
265035
265229
265291
265634
265842
265952
266043
266052
266225
266309
266320
266474
266543
266820
266856
266884
266994
267340
267533
267785
267826
267885
268010
268039
268054
268082
268366
268485
268565
268788
269063
269267
269292
269491
269612
269761
269829
269869
269944
270037
270214
270407
270407
270417
270498
270504
270540
270588
270952
270978
271267
271269
271382
271392
271437
271446
271580
271705
272227
272276
272339
272434
272500
272570
272751
272872
273030
273194
273246
273317
273707
273741
273777
273848
273865
273947
273997
274030
274309
274371
274429
274542
274966
274974
275295
275354
275612
275632
275657
275882
275979
276097
276220
276407
276571
276658
276773
276827
276850
277086
277201
277272
277578
277743
277771
277785
277894
277993
278122
278255
278390
278863
278863
279009
279184
279185
279269
279363
279402
279701
279798
279846
280019
280062
280129
280151
280303
280445
280701
280745
280763
280823
280829
280978
281026
281295
281449
281666
281686
281703
281801
282349
282357
282488
282492
282665
282849
282857
283134
283281
283429
283493
283590
283796
283803
283864
284201
284259
284292
284368
284644
284700
284820
284875
284979
285074
285386
285869
285892
286288
286351
286456
286519
286613
286617
286828
286902
286972
287050
287118
287532
287789
288044
288325
288488
288511
288842
288926
289044
289318
289423
289480
289642
289705
289978
290014
290065
290265
290511
290703
290721
290733
290915
290941
291003
291008
291095
291099
291489
291511
291668
291754
291868
292231
292458
292584
292746
293130
293496
293523
293680
293746
293750
293774
293863
293999
294237
294284
294988
295486
295602
295622
295832
296076
296105
296128
296191
296264
296367
296529
296629
296845
296958
296993
297056
297167
297215
297235
297370
297375
297401
297501
297724
297994
298284
298445
298644
298742
298817
299115
299135
299220
299244
299269
299292
299422
299529
299547
299561
299713
299826
299851
300019
300253
300389
300451
300529
300574
300720
300733
300810
300836
300872
300985
300993
300995
301174
301319
301336
301337
301349
301453
301499
301622
301635
301984
302525
302589
302643
302762
303133
303370
303452
303488
303501
303661
303745
303875
304046
304084
304126
304343
304469
304605
304715
304994
305277
305387
305424
305704
305918
305940
306045
306230
306239
306289
306365
306616
306885
306929
307069
307270
307504
307757
307848
308133
308265
308276
308456
308484
308566
308614
308854
309090
309236
309308
309403
309463
309464
309520
309543
309580
309590
309631
309732
309759
309880
310206
310425
310540
310719
310969
311031
311129
311326
311403
311470
311514
311706
311718
311742
311956
311972
311980
312034
312087
312114
312195
312224
312329
312446
312702
312713
312962
313063
313140
313214
313423
313598
313731
313787
313860
313920
314395
314436
314693
314854
314896
315162
315279
315280
315379
315444
315471
315564
315779
316108
316122
316345
316429
316494
316533
316537
316702
316784
316827
316866
316947
317414
317528
317649
317848
317895
318009
318029
318228
318286
318327
318476
318797
318914
319199
319203
319225
319237
319283
319340
319477
319548
319652
319664
319713
320000
320106
320211
320311
320345
320449
320664
320723
320941
321048
321069
321251
321338
321432
321464
321609
321654
321708
321805
321918
321930
322012
322081
322302
322351
322366
322736
322940
322969
323139
323322
323334
323389
323520
323541
323680
323799
323907
323957
324009
324013
324341
324347
324358
324362
324451
324637
324662
325180
325267
325382
325429
325694
325749
325864
325887
325939
326011
326056
326096
326110
326157
326161
326257
326318
326383
326730
326751
326761
326984
326999
327006
327018
327038
327231
327278
327615
327648
327963
327976
328056
328056
328135
328359
328527
328563
329105
329256
329325
329396
329622
329627
329690
330051
330068
330149
330170
330202
330237
330367
330499
330636
330751
330990
331079
331297
331317
331372
331460
331622
331931
331964
331970
332042
332290
332772
332785
332960
333017
333026
333196
333283
333432
333458
333525
333650
333748
333794
333819
333862
333933
334090
334201
334301
334344
334687
334743
335008
335234
335348
335375
335529
335652
335705
336075
336076
336230
336370
336625
336851
336974
337035
337057
337364
337516
337903
337928
338177
338334
338529
338564
338669
338776
338808
338961
338978
339044
339106
339229
339273
339305
339350
339634
339738
339836
339876
340071
340327
340441
340617
340671
340696
340738
341050
341124
341154
341181
341488
341541
341692
341710
341783
341955
342124
342173
342432
342515
342580
342620
343087
343139
343229
343295
343439
343455
343618
343827
344322
344450
344545
344627
344659
344691
344734
344763
344849
344875
344879
344975
344999
345187
345212
345227
345228
345261
345682
345722
345796
345806
345809
345824
345896
346166
346193
346483
346570
346630
346688
346699
346803
346879
347041
347304
347362
347439
347555
347894
347990
348046
348187
348372
348411
348472
348484
348536
348778
348903
349085
349099
349149
349172
349243
349279
349331
349451
349664
349722
349757
349957
350005
350070
350252
350324
350407
350662
350780
351307
351455
351523
351698
352123
352145
352385
352428
352730
352893
353033
353083
353166
353225
353400
353414
353529
353575
353711
353806
354005
354030
354092
354244
354307
354319
354408
354529
354757
355083
355306
355460
356072
356329
356339
356349
356480
356483
356590
356926
357019
357039
357188
357651
357685
357989
358172
358192
358314
358811
358907
358916
359014
359172
359251
359280
359314
359349
359364
359527
359554
359786
359943
360214
360238
360432
360638
360850
360866
360926
361152
361290
361354
361474
361519
361787
362029
362053
362314
362486
362509
362513
362542
362577
362739
362758
362785
362842
362956
363211
363330
363387
363399
363402
363498
363534
363572
363765
363820
363872
363878
364033
364262
364473
364536
364859
365133
365190
365340
365360
365445
365582
365589
365765
365916
365972
366168
366486
366491
366495
366714
366754
366810
367122
367144
367146
367312
367377
367421
367465
367500
367513
367926
367931
368217
368226
368363
368553
368703
368899
369146
369166
369181
369220
369253
369352
369366
369989
370269
370685
370790
371017
371187
371367
371529
371719
371758
371790
372006
372071
372126
372172
372181
372248
372257
372460
372508
372616
372651
372799
372885
373051
373613
373695
373695
373963
373983
374051
374088
374301
374388
374579
374908
375073
375081
375206
375399
375456
375501
375525
375672
375700
376033
376070
376141
376320
376367
376530
376546
376742
377043
377081
377169
377282
377344
377433
377494
377500
377814
377873
377888
378120
378202
378218
378318
378347
378426
378666
378693
378816
378875
378881
378944
378958
379037
379414
379560
379678
379928
380009
380139
380176
380203
380301
380345
380489
380659
380675
380686
380780
381064
381085
381087
381503
381662
381857
381871
381902
382138
382327
382338
382478
382504
382594
382670
382764
382804
382881
383028
383131
383353
383361
383880
383967
384006
384054
384237
384339
384438
384491
385233
385588
385658
385840
385864
385871
385885
386067
386480
386780
386935
386991
386995
387062
387275
387336
387793
387802
388012
388124
388253
388383
388492
388535
388541
388689
388780
388798
388882
388955
389067
389085
389262
389292
389300
389599
389813
389871
389879
389928
389989
390022
390304
390326
390762
390764
390952
390980
390986
391038
391228
391325
391337
391469
391631
391765
391810
391878
392003
392085
392284
392394
392402
392414
392565
392678
392770
392876
392921
393135
393254
393286
393714
394260
394284
394554
394740
394781
394822
394886
394891
394908
395006
395317
395478
395557
395585
395760
395767
395955
396145
396237
396265
396311
396652
396663
396740
396784
396865
397298
397396
397431
397523
397745
397754
397869
398230
398300
398657
398796
398902
398972
399046
399154
399219
399310
399323
399336
399336
399697
399904
399907
400117
400134
400476
400758
400780
400888
400957
401186
401316
401700
401759
401849
402365
402519
402620
402879
402879
402989
403021
403172
403910
403939
404016
404096
404372
404647
404930
404949
405145
405214
405694
405789
406001
406041
406571
406589
406630
406746
406747
406761
406864
406943
406978
407063
407129
407220
407340
407421
407717
408005
408192
408424
408539
408551
408625
408702
408774
408816
409048
409069
409583
409626
410041
410188
410344
410499
410509
410862
411023
411035
411085
411174
411233
411346
411354
411458
411519
411528
411908
411941
412058
412117
412319
412337
412481
412737
412761
412777
412855
413107
413121
413365
413373
413382
413502
413547
413624
413947
413988
414007
414043
414203
414453
414460
414563
414976
415369
415414
415572
415585
415760
415815
415848
415954
416335
416441
416786
416992
417046
417193
417240
417324
417397
417419
417499
417816
417988
418026
418107
418135
418408
418454
418523
418558
418832
418980
419017
419259
419265
419589
419705
419868
419993
420286
420327
420391
420391
420406
420519
420751
421045
421096
421451
421471
422062
422075
422380
422463
422548
422609
422760
422876
423166
423186
423634
423650
423757
423880
423943
423965
423978
424131
424144
424282
424443
424519
424573
424574
424617
424759
424935
424978
425001
425135
425275
425276
425423
425618
425695
425838
425850
425856
426269
426432
426545
426705
426707
427086
427104
427126
427319
427329
427361
427376
427624
427771
428172
428252
428321
428363
428430
428443
428646
428790
428899
428947
429033
429081
429102
429113
429210
429432
429492
429557
429629
429697
430334
430793
430826
430977
431022
431071
431166
431328
431439
431511
431989
432119
432161
432472
432484
432552
432629
432642
432709
432735
432776
432804
432819
432910
432913
432919
432984
433006
433015
433148
433177
433369
433414
433530
433633
433995
434227
434352
434377
434606
434642
434828
434864
435083
435083
435214
435269
435385
435425
435431
435638
435645
435737
435880
436179
436338
436414
436488
436488
436569
436706
437439
437473
437814
438016
438124
438527
438543
439199
439278
439433
439599
439769
439934
439962
440112
440419
440439
440572
440632
440704
440721
440803
440828
440962
440968
440980
441015
441075
441125
441261
441286
441339
441421
441556
441822
442425
442568
442829
442850
443280
443527
443668
443768
443775
443838
443869
443966
444137
444248
444255
444315
444508
444555
444614
444680
444784
444806
444962
445115
445305
445305
445523
445670
445761
446066
446166
446232
446237
446402
446520
446658
446692
446875
446918
446924
447177
447263
447357
447692
447723
448088
448283
448412
448593
448633
448674
448728
448865
449383
449388
449465
449484
449644
449949
450043
450267
450275
450432
450535
450611
450647
450747
450926
450984
451032
451172
451190
451435
451512
451709
451800
451901
452181
452245
452258
452328
452387
452516
452536
452662
452674
452700
453081
453127
453285
453416
453572
453641
453712
453812
453872
454039
454061
454066
454109
454219
454246
454293
454358
454678
455032
455323
455416
455578
455589
455928
455957
456157
456337
456374
456383
456509
456519
456563
456576
457101
457189
457741
457746
457798
457839
458024
458569
458611
458654
458692
458735
458862
459058
459067
459173
459181
459199
459291
459423
459537
459816
459816
459883
459891
460169
460226
460254
460297
460350
460441
460599
460975
461053
461264
461717
461907
462037
462371
462517
462783
462922
462932
462960
463118
463328
463639
463751
463794
463863
464104
464477
464599
464824
464948
464963
465231
465720
465725
465805
466091
466131
466152
466360
466511
466593
466872
467020
467132
467155
467206
467274
467329
467377
467499
467541
467587
467661
467711
467787
467820
467852
467916
468150
468566
468823
468998
469005
469081
469099
469117
469151
469189
469240
469389
469657
469794
469826
469920
469957
470248
470536
470573
470707
470807
471006
471206
471278
471530
471543
471588
471731
471748
471782
472235
472237
472437
472465
472500
473051
473133
473488
474089
474100
474434
474542
474841
474866
474913
475094
475133
475441
475558
475574
475624
475653
475888
475932
476238
476364
476364
476563
476913
476960
477375
477408
477482
477566
477794
477814
477993
478128
478145
478321
478368
478633
478639
478704
479012
479226
479251
479258
479651
479748
479751
480054
480118
480175
480414
480476
480550
480654
480729
480820
481107
481141
481361
481377
481455
481528
481556
481705
481714
482007
482078
482106
482362
482460
482734
482975
482979
483052
483138
483207
483266
483346
483645
483862
484055
484062
484081
484117
484217
484395
484437
484446
484618
484701
484733
485139
485334
485434
485448
485518
485599
485648
485664
485679
485921
486058
486129
486189
486269
486327
486613
486708
486977
487065
487108
487211
487304
487402
487514
487560
487567
487606
487609
487729
487791
487846
488101
488527
488767
488770
488788
488927
489176
489196
489233
489509
489737
489924
490085
490111
490380
490728
490866
490963
491342
491394
491397
491399
491450
491692
491768
491789
491886
492017
492082
492143
492504
492547
492571
492626
492848
492943
492978
493251
493269
493366
493463
493474
493523
493549
493575
493604
493691
493692
493842
493852
494175
494178
494392
494589
494657
494715
494880
494886
494895
495567
495576
495759
496099
496407
496417
496485
496668
496730
497083
497143
497151
497233
497263
497323
497411
497506
497645
497677
497716
498080
498105
498286
498357
498416
498451
498478
498480
498562
498743
498992
499191
499591
499623
499912
499987
500011
500072
500087
500197
500320
500334
500813
500913
501323
501450
501465
501723
501755
501810
502001
502053
502096
502143
502632
502798
503165
503171
503238
503372
503443
503596
503612
503719
503723
504461
504626
504759
505011
505160
505200
505297
505333
505475
505484
505591
505881
505972
506152
506165
506189
506263
506501
506618
506867
506889
507041
507312
507328
507330
507366
507405
507674
507800
508015
508343
508355
508498
508503
508634
508823
509247
509280
509297
509477
509634
509782
509818
510128
510177
510245
510294
510599
510969
511232
511678
511944
512010
512179
512426
512433
512462
512510
513045
513188
513205
513266
513409
513588
513743
513747
513812
513867
513886
513926
513962
514155
514215
514275
514328
514332
514338
514576
514832
514859
514892
515022
515200
515394
515682
516333
516554
516698
516757
517115
517263
517465
517621
517777
517844
517880
517952
517971
518129
518139
518149
518190
518421
518835
518932
518954
518976
519165
519247
519311
519456
519655
519720
519752
519795
519985
520056
520158
520202
520268
520376
520537
520665
520830
520917
520946
520952
521093
521286
521325
521404
521554
521610
521682
521833
521841
522019
522294
522327
522800
522970
523035
523054
523073
523211
523309
523312
523478
523524
523594
523705
523792
523888
524095
524144
524234
524291
524460
524687
524824
525304
525462
525498
525588
525707
525966
526004
526450
526673
526940
527079
527132
527138
527370
527404
527455
527701
527784
527795
527826
528159
528208
528619
529023
529159
529173
529239
529283
529318
529343
529419
529555
529578
529610
529613
529673
529729
529872
530008
530081
530120
530239
530554
531152
531185
531226
531275
531513
531517
531587
531696
531745
531925
532027
532110
532235
532484
532598
532612
532636
532758
532803
532817
532838
532840
532842
532885
533204
533403
533598
533738
533811
533928
534266
534283
534587
534593
534637
534801
534868
535069
535415
535593
535682
535791
535971
536063
536111
536187
536351
536922
537113
537114
537156
537157
537276
537331
537554
537619
537637
537765
537829
538013
538121
538122
538174
538370
538461
538463
538484
538564
538764
538909
539049
539151
539302
539415
539506
539794
539943
539970
539991
540100
540128
540177
540244
540290
540442
540931
541132
541145
541185
541439
541536
541890
542030
542036
542309
542644
542716
542910
543060
543457
543593
543707
543857
543964
544045
544215
544234
544444
544472
544996
545060
545111
545148
545301
545376
545772
545825
546157
546295
546306
546453
546519
546555
547007
547092
547149
547265
547342
547562
547616
547624
547726
547904
548062
548610
548756
548850
548878
548886
548890
548895
548955
549097
549153
549268
549352
549377
549431
549547
549727
549763
550008
550144
550282
550332
550365
550465
550485
550590
550680
550782
550824
551043
551106
551244
551325
551550
551945
552092
552233
552276
552329
552419
552514
552584
552661
552752
552839
552919
553234
553240
553318
553394
553543
553612
553656
553865
553927
553991
554015
554070
554310
554399
554644
554663
554721
554762
554809
554942
555037
555213
555243
555310
555367
555370
555379
555385
555572
555731
556042
556202
556357
556691
556746
556826
557060
557556
557643
557723
557729
557745
557993
558234
558582
558847
558848
559049
559329
559393
559452
559572
559677
559940
560103
560204
560302
560349
560419
560424
560478
560534
560642
560717
561105
561318
561624
561661
561847
562032
562054
562197
562338
562483
562539
562849
562904
563126
563230
563471
563643
563715
563717
563751
563990
564160
564164
564226
564255
564330
564641
564868
564904
564981
565041
565143
565402
565461
565542
565663
565816
565897
565937
565955
565984
566094
566137
566145
566231
566339
566406
566543
566556
566747
566786
566849
567220
567389
567473
567604
567937
567993
568017
568020
568365
568465
568541
568614
568957
569032
569063
569124
569174
569234
569487
569567
569813
569815
569843
570092
570104
570302
570375
570515
570644
570779
570846
570988
571004
571041
571152
571175
571336
571412
571516
571517
571678
571772
571871
571937
571972
572011
572083
572154
572166
572205
572492
572552
572559
572608
572623
572642
572739
572961
572980
573073
573142
573287
573295
573352
573356
573365
573377
573521
573728
573745
574146
574161
574486
574741
574780
574805
574937
575038
575062
575076
575085
575205
575432
575490
575506
575519
575523
575631
576213
576225
576548
576940
576950
577112
577247
577275
577410
577602
577655
577703
577708
577775
577791
577807
577948
578191
578297
578410
578458
578578
578638
578756
578768
578798
578999
579023
579762
579901
579959
579982
580022
580067
580195
580242
580577
580883
580913
581167
581534
581785
581798
581905
582026
582457
582594
582698
582820
582906
583034
583296
583316
583496
583698
583734
583763
583917
583967
584196
584216
584290
584317
584317
584454
584529
584595
584679
584763
584954
584960
584979
584979
584991
585029
585057
585333
585470
585927
585947
586065
586083
586128
586143
586176
586239
586458
586514
586718
586728
586770
586844
586906
587198
587248
587527
587763
588328
588628
588657
588692
588695
588719
588919
589033
589123
589175
589180
589251
589355
589363
589401
589403
589418
589556
589772
589939
590163
590457
590771
590824
590998
591057
591179
591312
591346
591720
591849
592118
592392
592395
592421
592478
592547
592784
592898
593604
593606
593696
593881
593930
594056
594928
594946
595257
595291
595587
595589
595760
595781
595871
595872
595959
595971
596366
596380
596431
596640
596925
596995
597036
597171
597309
597328
597507
597530
597604
597837
598030
598051
598509
598608
598855
598892
599196
599509
599830
599853
599908
599962
600270
600505
600505
600588
600638
600756
601025
601110
601202
601346
601368
601485
601516
601565
601944
601995
602111
602310
602333
602577
602641
602770
602840
602919
603078
603200
603623
603647
604094
604249
604414
604545
604590
604637
604679
604688
604994
605130
605378
605418
605550
605861
605967
606040
606190
606424
606986
607281
607284
607301
607433
607467
607522
607841
607880
608065
608188
608262
608433
608446
608846
609129
609185
609199
609393
609482
609507
609522
609563
609592
609726
609856
610013
610922
611007
611054
611064
611065
611213
611257
611425
611467
611642
611735
612165
612221
612566
612592
612868
613030
613134
613182
613369
613438
613556
613673
613740
613781
613975
613997
614062
614276
614329
614371
614429
614841
614898
614926
615194
615244
615549
615660
615873
615927
616059
616104
616281
616475
616555
616707
617135
617251
617417
617509
617676
617938
618034
618050
618261
618296
618454
618530
618717
618760
618776
618936
618968
619014
619016
619058
619085
619404
619455
619727
619908
620175
620206
620430
620454
620518
620535
620723
620868
620890
620901
620968
620982
621009
621096
621136
621199
621263
621354
621355
621377
621379
621388
621597
621643
621666
622024
622134
622173
622378
622409
622436
622984
623114
623167
623232
623236
623373
623825
623943
623999
624054
624185
624307
624416
624429
624658
624929
624943
624993
625175
625215
625404
625575
625649
626000
626071
626340
626509
626524
626624
626653
626691
626843
626953
626980
626986
627016
627220
627325
627358
627655
627730
627742
627790
627825
627831
627865
628021
628060
628140
628297
628812
628832
628940
629262
629471
629778
629789
629883
630043
630079
630306
630406
630529
630541
630705
631063
631091
631504
631619
631708
631732
631830
631902
632045
632342
632368
632621
632675
632786
632985
633005
633152
633285
633459
633571
633845
634100
634181
634184
634243
634465
634821
635018
635044
635725
635793
635894
635910
635934
635999
636104
636255
636309
636859
636907
637043
637254
637339
637577
637655
637690
637871
637927
637943
638040
638334
638418
638484
638528
638551
638778
638798
638866
639129
639329
639377
639445
639473
639504
639505
639606
639763
639816
639859
640030
640111
640156
640192
640410
640880
640880
640906
641050
641247
641459
641462
641500
641541
641580
641774
641928
642205
642253
642419
642427
642461
642757
642760
642821
642824
642872
642874
642927
642952
643029
643042
643121
643155
643266
643448
643491
643544
643660
643748
643957
644009
644069
644124
644253
644304
644342
644591
644607
644768
644991
645171
645345
645501
645620
645634
645656
645895
646093
646171
646388
646644
646677
646757
647049
647100
647138
647479
648031
648090
648135
648238
648302
648367
648383
648645
649060
649195
649203
649353
649473
649685
649777
649829
649925
650079
650415
650829
650842
651172
651240
651248
651348
651405
651412
651423
651427
651500
651687
651821
652143
652234
652240
652328
652502
652559
652734
652786
652790
652957
653037
653315
653331
653408
653558
653877
653960
654215
654250
654262
654273
654529
654631
654636
654895
655015
655027
655034
655105
655529
655533
655631
655684
655710
655777
655870
655893
655944
656016
656120
656356
656452
656484
656618
656787
656835
656978
656981
657133
657188
657293
657293
657485
657494
657533
657622
657800
657985
658360
658423
658507
658508
658723
658822
658910
659061
659211
659211
659234
659293
659296
659298
659760
659787
659922
660167
660251
660252
660259
660450
660525
660570
660574
660853
660988
660993
661248
661313
661561
661694
661829
662369
662663
662676
662684
662781
662818
662830
662909
662958
662980
663038
663240
663398
663506
663754
663816
663888
663958
663973
664051
664117
664184
664323
664353
664603
664706
664830
664886
664933
665152
665160
665357
665514
665581
665649
665673
665730
665766
665916
665983
666443
666538
666546
666683
666811
667045
667230
667370
667375
667433
667505
667572
667689
667772
667912
667940
667957
667999
668112
668733
668928
669047
669062
669208
669263
669359
669387
669645
669660
670113
670183
670261
670274
670332
670512
670580
670590
670609
670653
670739
671014
671106
671127
671245
671625
671637
671746
672077
672168
672212
672269
672273
672280
672322
672387
672541
672551
672558
672603
672639
672642
672717
672926
673038
673828
673864
674058
674066
674091
674124
674440
674618
674620
674739
674790
675104
675260
675422
675443
675545
675593
675619
675620
675702
675808
675949
676021
676117
676385
676535
676805
676929
677049
677381
677446
677454
677552
677612
677759
678012
678779
678833
678926
678966
679244
679490
679530
679574
679682
679956
680014
680028
680226
680325
680548
680805
680882
681267
681496
681592
681743
681947
682051
682174
682629
682688
682740
683116
683655
683803
684019
684078
684118
684142
684155
684195
684355
684379
684478
684677
684692
684709
684924
684997
685003
685043
685163
685229
685240
685447
685468
685489
685640
685783
685991
686031
686060
686144
686252
686592
686748
686804
686938
687164
687411
687717
687719
687917
687957
688310
688382
688498
688805
688997
689189
689357
689366
689424
689459
689505
689664
689782
689831
689908
690262
690280
690402
690763
691001
691022
691259
691371
691439
691541
691581
691617
691665
691701
691762
692216
692353
692490
692510
692514
692536
692549
692747
692761
693002
693057
693061
693063
693186
693336
693462
693466
693555
693866
693914
694366
694379
694467
694527
694657
694690
694718
694861
695062
695183
695289
695371
695419
695556
695598
695639
695680
695741
695761
695796
695979
696010
696272
696284
696765
696781
696925
697063
697095
697803
697891
697978
698148
698166
698194
698229
698318
698435
698443
698538
698656
698730
698909
698948
698949
699006
699219
699277
699488
699504
699805
699932
699965
700081
700139
700149
700593
700638
700665
700900
701063
701109
701374
701427
701469
701725
701947
702416
702435
702576
702910
703028
703053
703197
703344
703476
703503
703578
703694
703788
703882
704060
704172
704256
704352
704619
704794
704812
705119
705175
705235
705240
705241
705375
705694
705716
705812
706075
706277
706285
706673
706687
706726
706874
706993
707056
707181
707393
707428
707463
707494
707504
707545
707583
707645
707691
707838
707863
708004
708055
708323
708389
708435
708610
708692
708753
708787
708860
709046
709379
709523
709595
709609
709723
709755
709983
710618
710622
710656
710661
710684
710853
710867
711117
711122
711189
711478
711869
711888
711963
712004
712086
712100
712538
712560
712715
712716
712803
713018
713025
713030
713314
713328
713395
713489
713496
713910
714124
714255
714467
714651
714696
714704
714756
715120
715448
715662
715716
715791
715965
716018
716169
716260
716263
716416
716427
716451
716531
716648
716677
717193
717647
717674
717738
717830
717851
718064
718145
718156
718252
718283
718303
718513
718779
718840
718879
718931
718968
718969
718993
719054
719124
719163
719243
719298
719466
719976
720040
720043
720087
720203
720428
720430
720494
720504
720620
720632
720677
720748
720820
720907
720914
721068
721158
721169
721207
721226
721254
721447
721460
721916
722000
722034
722076
722118
722236
722766
722818
723532
723663
723933
723977
724064
724101
724220
724669
724682
724714
725034
725058
725167
725462
725614
725839
726079
726132
726155
726627
726853
727006
727021
727196
727253
727618
727666
727846
727903
728022
728060
728235
728299
728300
728355
728486
728649
728675
729200
729272
729373
729731
729732
729741
729927
730153
730439
730663
730769
730791
730839
731131
731250
731425
731458
731610
731633
731720
731810
731811
731879
731881
731934
732125
732131
732331
732369
732387
732607
732610
732701
732716
732740
732827
732841
732910
733439
733592
733642
733772
733802
733861
733877
733972
734430
734683
734687
734693
734805
734841
734847
734940
735091
735651
735785
735919
736066
736477
736584
736709
736797
736975
737133
737498
737609
737640
737691
737696
737791
737969
737980
738119
738274
738356
738412
738553
738616
738766
738839
738870
738877
738916
739076
739131
739201
739278
739288
739294
739329
739357
739512
739641
739891
740011
740340
740649
740737
740852
741440
741572
741579
741715
741920
742172
742174
742281
742435
742697
742776
742838
742873
742885
742929
743001
743036
743073
743334
743386
743463
743494
743519
743563
743568
743804
744082
744235
744253
744391
744480
744584
744612
744630
744893
744987
745020
745049
745104
745158
745187
745626
745758
745842
745852
745896
746058
746084
746217
746362
746730
746896
747000
747013
747241
747339
747343
747410
747796
747977
748075
748104
748360
748633
748744
748780
749078
749299
749313
749488
749543
749654
749786
749815
750009
750454
750463
750725
750881
750990
751469
751479
751507
751562
752041
752325
752385
752682
753014
753106
753129
753133
753343
753623
753838
753997
754154
754515
754596
754633
754652
754723
754748
755426
755447
755562
755675
755700
755742
755930
755939
756662
756697
756703
756774
756804
757003
757100
757171
757212
757506
757585
757755
757768
757803
758104
758188
758194
758426
758516
758533
758564
758589
758591
758767
758892
758920
758924
758935
759095
759107
759155
759164
759181
759200
759224
759483
759526
759652
759858
759945
759997
760128
760436
760542
760625
760810
760842
760907
760911
760970
761005
761168
761180
761342
761669
761747
761852
761909
762031
762175
762189
762206
762650
762850
763259
763271
763607
763668
763757
763775
763787
763880
764007
764194
764320
764441
764447
764499
764566
764824
765021
765197
765736
765837
765898
766216
766350
766479
766484
766681
766770
766817
767077
767078
767160
767358
767540
767655
767909
768306
768635
768721
768853
768958
768986
768986
769004
769206
769333
769336
769648
769869
769881
770288
770333
770394
770931
770978
771078
771401
771829
771863
771872
771895
771934
771949
772064
772093
772273
772363
772480
772543
772623
772946
773019
773286
773296
773369
773457
773509
773560
773608
773728
773806
774169
774263
774288
774331
774393
774668
774696
774719
774749
774922
775064
775190
775315
775384
775439
775626
775682
775748
775805
775853
775856
776085
776334
776404
776491
776620
776680
776708
777017
777097
777195
777523
777660
777730
777745
777756
777925
778055
778401
778537
778650
778791
778963
779024
779077
779346
779374
779621
779936
780037
780134
780213
780224
780724
780759
780814
780949
780990
781064
781228
781490
781699
781908
781915
781977
782003
782313
782523
782585
782634
782649
782780
782806
782842
782858
782931
782951
783156
783231
783256
783264
783648
784075
784098
784273
784382
784591
784830
784956
784958
785245
785264
785306
785497
785569
785628
785630
785709
785856
785919
786045
786328
786343
786373
786410
786470
786567
786751
786807
786942
787001
787078
787104
787119
787122
787405
787406
787580
787633
787859
787963
788074
788105
788149
788166
788555
788633
788648
788653
788850
788852
788906
788959
788992
789161
789208
789221
789276
789397
789426
789427
789472
789484
789624
789718
789746
789797
789970
790022
790359
790477
790641
790974
791013
791023
791040
791211
791273
791331
791422
791423
791504
791641
792211
792301
792397
792493
793061
793177
793327
793485
793722
793927
793983
794102
794337
794569
795025
795082
795284
795326
795377
795641
795757
795897
795915
796401
796409
796690
796706
796755
796806
796817
796913
796960
797013
797135
797639
797663
797844
797849
797972
798076
798178
798318
798421
798450
798459
798567
798775
798795
798924
798945
799264
799449
799489
799531
799535
799543
799629
800035
800302
800469
800611
800705
800765
800832
801038
801098
801124
801345
801376
801385
801389
801446
801465
801705
802399
802434
802685
802721
802793
803114
803120
803152
803175
803355
803437
803444
803475
803477
803547
803555
803973
804114
804626
804846
804899
805110
805282
805353
805368
805417
805586
805686
805875
805911
806012
806261
806270
806301
806460
806467
806545
806625
806743
806764
806776
806798
806811
807094
807111
807652
807653
807953
808112
808530
808564
808649
808698
808776
809008
809029
809176
809269
809502
809624
809667
809678
810268
810290
810306
810523
810686
810703
810806
810855
810985
811038
811155
811169
811381
811416
811428
811430
811624
811842
811938
812349
812367
812427
812636
812656
812664
812737
812873
812955
813236
813262
813332
813486
813538
813611
814468
814602
814840
814915
814958
815249
815290
815313
815391
815404
815568
815675
815695
815808
815945
815957
816343
816479
816486
816498
816506
816549
816664
816673
816720
817157
817179
817320
817337
817441
817495
817595
817775
817962
818032
818034
818194
818205
818235
818331
818497
819255
819276
819307
819766
820077
820506
820558
820795
820823
820957
821154
821564
821710
821764
821803
821921
821991
822109
822245
822247
822525
822577
822643
822699
823088
823390
823403
823487
823581
823866
823877
823983
824066
824185
824264
824432
824525
824736
824958
824980
825025
825040
825128
825419
825457
825604
825668
825875
825900
825951
826344
826539
826808
827125
827321
827386
827400
827603
827708
827780
827980
828123
828175
828178
828189
828335
828367
828414
828744
829103
829125
829203
829204
829216
829419
829541
829596
829926
830009
830049
830145
830226
830268
830471
830482
830712
830782
830874
830885
830923
831078
831468
831511
831597
831929
831978
832048
832049
832147
832181
832291
832454
832549
832588
832668
832750
832794
832868
833107
833108
833168
833429
833556
833959
834189
834203
834271
834412
834781
834909
834941
835012
835055
835102
835179
835187
835338
835394
835469
836380
836519
836530
836641
836667
836690
836710
836767
836985
837090
837163
837226
837257
837390
837403
837838
837864
838129
838265
838344
838370
838595
838656
838766
838943
838950
839069
839100
839155
839170
839378
839390
839735
839758
839848
839932
840004
840138
840262
840330
840711
840719
840805
840837
840963
841020
841139
841196
841327
841353
841449
841493
841569
841680
841786
841821
841986
842271
842397
842707
843012
843023
843091
843178
843434
843462
843569
843733
843885
843901
844139
844526
844661
844740
845340
845367
845507
845534
845615
845648
845892
845933
846037
846189
846197
846292
846555
846564
846567
846750
846848
846884
847041
847105
847243
847306
847323
847455
847493
847548
847681
847825
847933
847981
848149
848352
848518
848542
848705
848706
848827
848839
848850
848939
849386
849442
849464
849695
849820
849847
849998
850150
850395
850424
850471
850492
850520
850785
850976
850990
851009
851299
851383
851523
851843
851861
851903
851943
852040
852059
852433
852494
852750
852754
852819
852876
853436
853743
853810
853859
854163
854248
854443
854550
854604
854711
854777
854790
854983
855002
855033
855551
855673
855783
856106
856206
856245
856246
856285
856356
856409
856474
856504
856537
856552
856613
856667
856720
856752
856889
857124
857131
857197
857248
857552
857588
857891
857963
858235
858324
858365
858393
858398
858608
858886
859099
859164
859198
859384
859452
859554
859669
860072
860087
860118
860289
860363
860478
860807
860892
860916
861041
861189
861421
861528
861603
861619
861667
861866
861932
862004
862116
862161
862317
862441
862535
862741
862773
862807
862825
862942
863025
863159
863309
863382
863678
863706
863854
864084
864295
864316
864429
864542
864726
864748
864813
864929
865184
865301
865304
865348
865573
865686
865706
865735
866130
866188
866278
866574
866735
866797
866820
866966
867108
867196
867245
867491
867689
867740
867777
867989
868024
868150
868411
868487
868549
868622
868727
869078
869220
869224
869289
869290
869493
869661
869710
869881
869902
869918
870184
870402
870457
870526
870537
870592
870699
870746
870814
870904
871279
871474
871490
871528
871776
871791
872068
872197
872345
872473
872524
872540
872654
872762
873079
873188
873206
873388
873453
873606
873609
873640
873644
873648
873820
873861
873954
874068
874068
874105
874190
874385
874410
874461
874679
874680
874754
874755
874843
874965
874977
875167
875500
875544
875601
875645
875678
875963
876005
876014
876189
876275
876506
876506
876559
876615
876779
876787
876825
877188
877580
878018
878125
878266
878373
878404
878548
878621
878644
878762
878999
879015
879172
879220
879297
879320
879404
879447
879906
880018
880130
880191
880321
880593
880680
880816
880842
881072
881109
881323
881371
881533
881724
881770
882009
882422
882435
882527
882653
882866
883010
883015
883099
883209
883388
883403
883433
883535
883699
884001
884071
884283
884636
884710
884837
884889
884893
885015
885033
885104
885247
885287
885314
885454
885471
885582
885767
885849
885877
885882
885986
886001
886038
886140
886226
886286
886333
886369
886545
886627
886778
887047
887056
887080
887296
887427
887482
887579
887649
887703
887705
887754
887970
888095
888214
888259
888270
888291
888540
888561
888777
888821
889109
889129
889172
889288
889343
889436
889530
889652
889820
889836
889854
889880
890020
890102
890212
890268
890408
890431
890577
890902
891420
891685
891739
891869
891909
891916
892003
892019
892066
892098
892233
892321
892394
892666
892700
892772
892831
892969
893013
893108
893392
893471
893584
893648
893826
893969
894004
894074
894180
894195
894269
894294
894440
894456
894460
894550
894713
894842
895266
895512
895591
895829
896034
896069
896129
896370
896909
897036
897159
897251
897354
897385
897534
897606
897658
897700
897709
898060
898103
898139
898188
898413
898561
898699
898774
899096
899163
899223
899374
899474
899524
899639
899757
899883
899971
900066
900119
900156
900402
900428
900494
900621
901054
901323
901460
901696
901756
901806
902166
902346
902357
902790
902904
903057
903223
903274
903315
903425
903426
904077
904219
904294
904320
904398
904411
904563
904595
904623
904890
904975
905080
905358
905446
905488
905552
905611
905644
905965
905970
905990
906197
906368
906414
906427
906539
906676
906721
906834
906883
907083
907348
907605
907621
907738
907789
908082
908121
908141
908391
908475
908654
908677
908879
909333
909335
909354
909697
909703
909728
910115
910169
910428
910525
911058
911097
911114
911121
911136
911143
911302
911366
911504
911848
912060
912147
912243
912366
912492
912571
912702
913078
913275
913530
913582
913716
913721
913775
913810
913816
913823
913846
913904
914105
914106
914115
914115
914385
914504
914511
914717
914727
914844
914891
915094
915125
915137
915414
915631
915678
915711
915813
915915
915931
916026
916043
916077
916078
916226
916409
916607
916664
917102
917132
917143
917172
917177
917362
917366
917387
917476
917507
917509
917604
917747
917787
917819
917992
918125
918359
918399
918520
918531
918589
918875
918894
919036
919213
919485
919708
919709
920120
920173
920625
921518
921689
921724
921923
922059
922286
922338
922385
922420
922877
922981
922991
923243
923520
923540
923606
923631
923667
923907
923958
924153
924174
924247
924576
924622
924695
924755
924891
924977
925049
925252
925264
925525
925546
925973
925987
926061
926062
926303
926318
926929
927158
927279
927374
927571
927729
927750
927798
928046
928325
928410
928567
928589
928756
928770
928962
929152
929178
929287
929322
929416
929429
929486
929498
929655
929775
929781
929870
929969
929993
930317
930757
930794
931036
931040
931145
931359
931468
931475
931491
931527
931563
931819
932020
932148
932252
932510
932553
932657
932685
932701
932709
932789
933047
933153
933234
933263
933301
933942
933988
933989
934084
934168
934325
934433
934441
934546
934669
934686
934839
934901
935281
935281
935359
935440
935460
935788
935814
936064
936245
936304
936341
936396
936532
936603
936624
936668
936739
936844
937377
937456
937602
937603
938173
938181
938662
938933
939345
939480
939512
939580
939760
939858
939976
939995
940168
940363
940396
940410
940483
940485
940498
940507
940559
940636
940674
940770
940863
940895
940899
940904
941040
941134
941214
941521
941539
941568
941655
941721
941797
941855
941878
941925
941975
942093
942127
942524
942536
942820
942947
942953
943308
943494
943776
944110
944236
944248
944475
944528
944569
944585
944744
944875
945188
945224
945243
945311
945335
945386
945411
945598
945598
945729
945825
945843
945852
945937
945978
946125
946223
946374
946921
947025
947157
947162
947253
947455
947464
947470
947525
947729
947977
947986
948090
948163
948172
948254
948712
948806
948977
948997
949072
949106
949210
949316
949525
949549
949618
949681
949694
949943
949987
950029
950066
950140
950190
950232
950237
950250
950478
950838
950882
950962
951001
951062
951100
951420
951837
951901
951917
952103
952121
952246
952349
952380
952488
952821
952843
952848
952899
952910
952942
953132
953283
953339
953386
953421
953511
953749
953752
953793
953907
953913
954118
954192
954327
954377
954389
954405
954420
955070
955196
955234
955320
955502
955723
955862
955888
956044
956170
956266
956429
956559
956638
956686
957006
957166
957309
957481
957653
957761
957889
957970
958260
958334
958538
958571
958594
958783
958784
958810
958939
959050
959090
959525
959665
959781
959808
959934
959958
960112
960369
960754
960842
960972
961016
961059
961120
961306
961337
961811
961970
962104
962113
962232
962308
962326
962350
962526
962528
962646
962679
962733
962989
963056
963210
963376
963406
963421
964190
964355
964380
964419
964433
964642
964653
964986
965251
965412
965535
965665
965713
965718
965814
965888
965981
966181
966256
966360
966397
966490
966506
966765
966914
967008
967119
967321
967606
967617
967646
967674
967864
967889
967927
967967
968004
968201
968208
968224
968265
968299
968497
968535
968768
968880
968984
969038
969130
969381
969517
969683
969917
969960
970047
970584
970682
970799
971102
971311
971771
971819
971846
971930
972043
972114
972281
972465
972929
972977
973076
973254
973835
973895
973901
973910
973971
974354
974498
974760
974768
974781
974875
975053
975062
975159
975165
975201
975249
975369
975559
975877
975969
976003
976200
976391
976659
976725
977048
977132
977171
977174
977365
977635
977720
977741
977744
977756
977813
977881
977912
978002
978240
978262
978592
978607
978844
978930
979091
979148
979257
979287
979309
979359
979599
979765
980042
980093
980258
980320
980481
980621
980815
981019
981464
981472
981560
981713
982013
982227
982349
982607
982906
983128
983165
983459
983484
983490
983645
983832
984114
984789
985477
985575
985632
985808
985904
985983
986228
986241
986382
986461
986540
986639
986894
987201
987332
987609
987884
987908
988089
988401
988426
988444
988843
988843
988965
989076
989117
989152
989191
989383
990016
990054
990081
990134
990292
990308
990750
990777
990785
991306
991367
991663
991761
991813
991999
992066
992075
992290
992300
992548
992948
993019
993065
993084
993192
993385
993432
993497
993624
993687
993770
994083
994181
994191
994281
994298
994310
994508
994521
994639
994923
995043
995050
995126
995129
995292
995507
995986
996174
996182
996219
996254
996266
996284
996354
996489
996551
996768
996839
996856
996889
997007
997058
997094
997111
997259
997291
997442
997474
997593
997893
998027
998211
998479
998568
998647
998747
998840
998898
998908
999042
999157
999220
999442
999651
999717
999762
999829
999830
999913
