920
1897
1963
3507
3574
3728
3734
4262
4522
4858
4968
5136
5559
5847
6459
7234
8368
8656
10831
10912
11172
11708
11970
11984
13616
13990
14194
15303
15745
16530
16606
17191
17366
19315
19513
19932
20974
21335
22562
22787
22816
22922
24099
24254
24987
25252
26002
27059
27219
27523
28555
29874
31441
31518
32025
32540
32555
32558
34968
34991
35550
35608
35706
35870
37050
37197
37684
37762
37771
38204
38504
39352
39702
40451
41292
41668
41835
42178
42473
42515
43622
44541
45225
45288
45294
45936
46246
46254
46853
46968
47203
47987
48216
48362
48544
50804
51268
51640
52476
52713
52945
53204
53274
53598
53759
54459
54488
55374
55485
56252
56535
57789
58222
58481
59547
59558
59749
61864
61873
62038
62108
62371
62577
62711
62729
64376
65922
66751
66974
67033
67577
68386
68971
69103
69607
70216
70218
71009
71961
72254
72804
73479
74472
74891
76267
76910
78279
78347
78639
79223
79242
79939
80072
80227
80355
80590
80933
82863
82974
83599
83922
85063
85701
85830
86252
86284
86311
86549
88388
89978
90057
90804
91024
91054
91131
92071
93931
95178
95623
95899
96315
96402
96907
97239
98444
98657
98863
98915
99446
102294
102365
102397
103422
103535
103549
103734
103788
104662
104799
104967
105713
105777
106127
106519
106594
106970
107844
109276
109447
110323
111071
111365
112337
112806
112818
112889
113326
114200
114391
114939
115322
115448
115999
116344
116523
117732
118438
118508
120488
120777
121198
121774
121797
123058
123233
123919
124942
124954
125406
125433
125710
125882
126331
126625
126634
126888
126920
128226
128398
128599
128832
128842
129700
130612
130799
131439
132295
132503
132547
132644
133275
133523
133529
133540
134342
134370
134895
135077
136419
136620
136818
137040
137246
137473
138539
139366
140264
141696
141935
142139
142528
142811
143200
143331
143993
143995
144076
144360
144888
145069
146055
146186
146343
146646
146932
147172
148047
148665
148865
153032
154579
156088
156649
156960
156979
157133
157494
157515
157534
158452
158459
158568
159224
159422
159694
159862
159939
160765
161423
161561
162169
162424
165104
166680
166902
168417
169014
169432
169516
169974
170446
170561
171002
171240
172331
173096
173236
173241
173262
173294
174369
175218
176564
176857
176893
177555
177990
178516
178608
178656
179107
179326
181072
181464
183097
183452
183578
183948
185590
185712
186044
186351
186363
186668
187221
191675
191726
192416
192902
193335
195139
195237
195469
196162
196207
196479
196602
197618
199438
200086
200216
200727
201526
201607
202028
202216
202610
202760
203285
203607
204012
204081
204234
204376
204831
205160
205282
205402
205688
206326
206566
206899
207496
207712
208259
208480
208574
208977
209180
210152
211128
211389
211513
211973
212105
212696
213065
213448
215070
215236
215703
215864
218246
218843
219781
219984
220158
220289
220808
221287
221738
221932
222967
223807
224025
224212
224362
225036
225339
225738
225892
226372
227030
227157
228027
229030
229325
229552
229595
229886
229956
230236
230483
230557
230856
232437
233534
233857
234554
235253
236728
237138
237421
237425
238236
238275
238635
239593
239865
240382
240435
240863
240979
242809
242917
243787
244448
244574
245060
245202
245650
245887
246400
247348
247435
248046
248125
248397
248894
249487
249684
250005
250582
251329
252722
252736
253419
253653
254448
255028
256204
256477
257575
259257
259283
259580
260361
260871
261140
261542
261812
261837
262315
262685
263107
263123
263136
265391
266066
266265
267677
268481
268783
269064
269217
269410
269572
269595
269901
270278
271057
272875
273757
274223
274348
275020
276601
277714
278773
278807
278905
280581
282042
282368
282689
282838
283120
283365
283464
283617
283713
284178
284334
284875
285013
285737
285885
286097
287292
288106
288172
288503
289263
289699
289940
290056
290119
290266
291492
293409
293932
296216
297893
297923
297947
298169
298304
298713
299009
299081
299784
300289
300601
301153
301497
302450
303285
303369
303800
303905
303950
304226
304772
305267
305273
305586
305801
305870
306038
306487
307381
308328
308506
309622
309837
310618
310721
311694
314956
315913
319989
320176
320267
320340
320620
320888
320976
321820
322874
323326
324005
324595
324880
325109
325208
325248
325823
326525
327706
328320
329098
329766
330210
330389
330534
332003
332263
332307
332605
332992
333930
335812
336364
336960
338285
339192
339267
340237
340287
340919
341586
342685
343058
343072
343773
345376
345846
346561
346850
346933
347288
347540
347633
347677
348046
348642
348658
350116
350404
351989
352366
353253
353454
353455
353527
353772
354132
355591
356461
357058
357178
357587
358068
358247
358796
359076
359477
359535
359731
360444
361445
361511
361547
361715
362158
362668
363028
363422
363506
363666
364244
364282
365402
368707
369310
369603
369833
369919
370159
370796
370882
371844
372642
372813
373314
373673
373828
374719
374763
375056
376074
376635
376783
376942
377049
377069
377414
377419
377525
377904
378009
378985
379205
380725
380782
381059
381158
381901
382229
382740
382818
383072
383603
384196
384611
386683
386962
387646
390941
391816
393360
393860
394375
395302
396186
397294
397473
398880
399446
400509
400679
400903
401606
401680
401903
402619
402684
402901
403149
403205
403632
404752
405435
405538
406170
406269
406445
407120
407131
407251
407479
407627
407754
408860
409376
409785
410164
410455
410485
413680
413845
414306
414743
415366
415391
415541
416642
416704
416716
418126
418334
418351
418571
418682
418698
419425
419544
419949
420196
421732
422366
424161
424299
424453
424551
424963
425229
426152
426661
426966
427132
427676
429162
429297
429709
430414
430943
431866
432174
432334
435079
435705
435789
436127
436837
437651
439760
440521
442038
442170
442753
443429
443859
443894
447487
448377
448593
449247
449691
449695
450844
451072
451241
451633
452037
452318
452594
452836
453214
453583
453713
453727
454671
455911
456092
457244
457763
457994
458077
458753
460787
461095
463065
463290
463328
463361
463503
463642
463725
463726
465171
465696
467439
467643
467870
468313
468590
468840
469522
469871
470241
470271
470291
471050
471425
473297
473751
474389
474929
475140
475273
475330
475467
475802
476336
477027
479836
480211
480346
481072
481089
481110
481925
481929
482561
482783
483708
484216
484363
486463
486890
487112
487767
487791
488536
488598
489208
489321
489610
490266
490850
491876
491983
492314
493523
494185
494762
495345
495439
495646
495873
496918
497127
497500
498141
498381
499146
499325
499957
500015
500719
501210
501754
502475
502810
503221
503245
503368
504699
505554
506087
506206
506312
506511
507039
507200
507270
507512
507602
509705
511155
511262
511331
511410
511526
512594
513142
514209
515440
516250
516942
517518
517938
518007
518298
518979
519193
519399
519674
520501
522450
522468
522493
522663
523683
524781
526137
526634
528007
528145
528184
529053
530060
531183
531192
532415
533416
535958
536256
536368
536531
536663
537622
538241
538468
538609
539359
539464
539516
542429
542524
542765
542865
543149
546157
547756
548308
548381
548724
549632
550475
550857
550965
551102
551671
551946
552949
554082
554642
555968
555968
555970
556498
556889
556903
557201
557731
557745
558011
558049
558942
559144
559225
559655
560572
560770
562722
563197
563341
564103
564262
564529
565080
565723
566203
566560
566771
566894
567043
567073
568665
569550
569568
569575
570135
571037
571142
572355
573077
573469
573710
573840
574199
575728
576179
576670
576853
577492
577714
578131
578442
578983
579027
580821
580838
581879
582271
582503
583512
584008
584027
585314
585636
585772
586205
586421
586792
586871
587494
588185
589506
589849
589948
590764
592215
592880
592950
593458
594304
594744
594827
595545
596087
596911
597035
597493
597868
598800
598913
599181
599591
600332
602389
602439
602781
602815
603041
603239
603584
604318
604436
604928
605773
606847
607376
607936
607980
608081
608219
608326
608454
608602
608977
609096
609498
609639
609919
610159
611093
612606
612631
612832
612957
613479
613883
613968
614590
614881
615166
615783
615884
616040
616224
616266
617266
617378
619373
619782
620223
620272
620304
620308
621273
621541
621847
622490
622558
623800
624226
624466
624976
625364
625502
625775
626634
626971
627434
628545
630006
630141
630709
630974
631472
632109
632180
632198
633107
633592
634852
635143
635715
636255
636428
636433
636927
637160
637291
637538
638406
638573
638782
639001
639075
639711
640200
640592
640707
641214
641499
643361
644178
644693
644770
644788
645202
645677
646342
646551
646678
646749
646754
647354
648258
648886
649015
649234
649292
650072
650090
650459
650802
651097
651470
651751
651774
651784
654498
654897
656302
656411
656603
656907
657207
657615
657701
658415
659097
659793
659924
660091
660850
661179
661206
661221
661287
661434
662034
662156
662390
662444
662837
662973
662977
663339
663372
664176
664198
664458
664804
665037
665172
665822
665936
667037
667311
667988
668020
668322
668843
668867
669157
669892
670091
670282
670504
671787
672113
672322
672941
674104
674732
675336
675425
675554
676638
677365
677626
678771
679133
679980
680202
680563
680645
680697
681181
681540
681549
681721
682450
682911
683032
683755
683924
684052
684174
684403
684988
685193
686486
688139
688350
688983
689122
689227
689807
690080
690426
690714
690866
690901
690920
691121
693545
693942
694911
695248
695415
695689
696371
697259
697289
697870
698926
699819
699979
700020
700374
700939
701926
703052
703146
703961
704947
705080
706065
706499
706666
706687
706830
706978
707112
707257
708123
708630
708808
708943
709606
709818
709986
710449
710913
711596
711731
711736
712520
713004
713110
713604
713912
714281
714454
714952
715121
715200
715436
715513
715627
716063
716247
716740
717236
718153
718308
718350
719175
719889
719996
720740
722817
723122
723299
723847
724567
725785
728521
728824
730250
730635
730666
730858
730911
730948
731857
731948
732094
732513
732707
733177
733228
734515
735406
735624
735936
736329
736671
737577
737901
738348
739404
739547
740507
740637
741436
741549
742183
742302
743704
743713
744082
744775
745017
746060
746744
746786
747012
747251
747377
747640
747891
747977
747992
748725
749212
749822
750894
751062
751121
753066
753132
753364
753547
754469
754491
755070
755608
757472
757708
757907
758051
758776
759119
759442
759880
760113
760882
760924
761539
761558
761788
762340
763326
763599
763984
764267
764386
764705
764948
765143
765233
765563
768047
768100
768391
768752
769191
769437
769568
770254
770666
771451
771661
771903
772184
772188
773618
773676
774173
774479
775310
775342
776444
776562
776658
777277
777476
777599
777862
778017
778859
779752
780062
781721
781764
782710
783088
783869
783968
785024
785766
785940
786921
787397
788740
789052
791122
791243
791348
791480
791500
791706
792387
792788
795511
796125
796152
796290
797525
797704
797797
798160
799040
799100
799948
800073
800899
801046
801229
801280
801949
802442
802450
802998
803262
803399
803593
804169
804225
805392
805899
806128
806787
807096
807169
807182
807216
807226
807662
809040
809372
809650
810584
811219
817224
817427
817499
817568
819472
819527
820276
820616
820756
821071
822378
823407
823601
825828
826988
827782
828027
828761
829434
830298
831267
831725
831745
832082
833075
833167
833732
834058
834618
835161
835195
836281
837220
837693
837823
838697
839207
839429
839518
839675
839930
840080
840560
842007
842098
842746
843582
844092
844140
844664
844924
845138
845173
845521
846843
846936
847161
847625
847783
847818
848029
848478
850288
850754
850941
851145
851542
851693
851782
851928
853142
853318
853628
855586
856282
856419
858299
858656
860085
860880
860965
862045
862918
863633
863641
864449
864664
864769
865348
866251
868008
868700
869361
869598
869695
869906
870873
871264
871380
871439
872021
872102
872217
872408
873152
873168
873427
874073
874205
874593
874863
875175
875191
875540
875546
876066
876159
876790
878254
878309
878948
879044
879047
879264
879299
879852
879959
880496
881804
881823
882417
884694
885381
885547
885689
886338
886525
886758
887088
887900
888105
888851
888851
889216
889314
890166
890220
890494
891066
891816
892041
892254
892280
892504
892585
892646
893268
894055
894142
895401
895424
895975
896105
896444
896618
897001
897421
897426
898295
898529
899480
899484
900191
900255
900341
901693
902990
904713
905614
905620
905962
906031
906042
906376
906983
907324
907523
908740
908798
909410
910089
910251
910304
910883
911117
911172
911497
912089
912564
912890
913577
913854
913936
914205
915121
915247
915389
915417
916515
916843
917204
917259
917325
917744
917814
918349
918774
918821
918941
919166
919299
919464
919873
920215
920485
921156
921539
921859
922017
922659
922935
923035
923210
924431
924747
924827
925660
926149
926189
926673
926751
927627
928560
930606
930996
931420
931782
933379
933484
934210
935832
935879
936062
936250
937109
937174
938063
938146
938162
938704
938850
939583
940302
941263
941330
941683
941750
941766
941938
942399
942907
943536
944221
944668
944944
946493
947439
947891
947960
949200
949269
949427
950095
950959
951910
951979
954419
955000
955485
955977
956232
956632
959496
959799
960168
960259
960354
960783
961204
961593
962290
962367
963387
963792
964273
964384
964481
965296
965368
965405
966025
966111
966529
967013
967551
967740
968391
968918
969395
969615
969658
969862
969866
970083
970720
970960
971850
972137
973190
973406
974242
974679
975114
975483
975721
976089
976405
976813
976948
977160
977705
977932
978352
978771
978816
980365
980771
981228
982182
982369
982537
982541
982564
982598
982599
983321
983750
984592
985152
986578
986937
987342
987588
987617
987852
988213
988849
988885
989552
989836
989993
990141
990341
990947
991480
991725
992791
994579
994607
994716
995022
995449
995524
995582
996382
996935
996982
997164
997217
997381
998001
998172
998179
998237
998610
998749
998752
998934
