390716
537489
362644
205761
773919
940655
80986
310481
354695
192689
502853
76892
130578
685917
278500
172472
45547
315039
463517
808960
930262
889442
528142
234753
920844
873528
517246
793485
763217
144539
834916
512202
489124
263016
222250
628833
310286
87977
372997
946192
218763
437013
288857
408535
704450
890958
914779
836743
204715
773437
814266
329483
386562
797502
645740
440246
128283
864744
983177
873928
115440
26675
587757
111701
295077
673842
581961
69165
42478
605045
103541
620339
786313
747199
924022
578830
10928
945789
204842
517560
8609
426542
34008
629706
489997
240839
637080
686084
177442
250562
188535
27942
803945
982493
963068
449220
519410
988025
161061
768595
566310
180885
118471
869159
228460
993703
768594
992407
479428
93719
161655
113201
461247
828519
567863
293710
909412
534684
190605
16825
906768
335324
798625
633377
896735
76944
649539
222493
715428
611708
921762
360720
512572
718116
497892
523116
822710
571248
349819
98239
721076
823147
964326
289069
952579
34606
217640
493133
157713
411480
858409
107674
835802
541876
290765
89483
483846
104932
662642
14052
428326
327591
359236
824999
227697
302685
877459
942248
164870
149796
714475
906248
271863
399792
341892
275540
532894
914589
556885
66276
397524
115605
502528
624841
502095
287544
431829
458506
545517
248543
853427
214083
594596
733415
41658
690848
704423
423585
19660
501520
630964
675529
31416
753907
585818
648912
207112
915821
437241
716278
595912
847200
496861
748101
991225
835884
48123
110110
5786
357291
70355
984270
667308
193274
191445
930432
400243
491749
762455
442585
635106
326177
89145
621826
444107
322836
278164
987538
540253
963794
859841
878987
696847
244830
334788
861397
145283
470070
58195
43790
791234
98885
423494
240237
152852
725667
136209
461883
769287
469345
479134
313959
453824
277092
861611
490233
173168
905410
618488
706699
522877
631875
978498
97007
738666
72057
357087
304041
934291
828718
645377
245209
788945
84141
964763
803431
220567
661511
435766
501478
676205
527549
870097
554208
546540
186119
936518
561448
868909
921354
273902
503644
921637
388858
229017
633083
532232
624837
381916
315420
922937
145557
788395
869379
699403
443311
916848
976924
151694
850113
585950
291868
381570
436638
819942
461789
895974
341448
429897
896293
213869
684353
302207
264074
722059
7775
829615
881891
485338
11295
655478
870493
967293
197074
918557
195676
650341
927657
483457
487101
356994
312689
220967
833125
669152
287359
262893
586842
218122
222952
297561
586689
775358
418645
395060
94366
12336
863740
555338
183518
517740
730825
157685
274512
161106
162865
756666
3813
174278
51048
217485
640887
385537
665215
12806
821215
885956
195028
613463
450916
33554
487540
297028
256637
107995
525628
371133
603799
117112
481805
762474
886932
226203
503193
157818
7753
32086
735991
399931
199820
436067
481560
639175
732973
183491
791280
820656
836480
232264
253637
447118
516695
988694
204510
199427
813192
106246
100460
919284
436784
981277
334809
662965
663463
299537
347637
20195
820241
988198
483324
658881
692022
710422
683082
104287
703044
602913
764939
90316
782109
301673
739946
430945
407724
427118
340898
251419
447439
606963
698659
591713
55085
803753
891232
848824
70279
183633
911970
259833
76474
13947
455903
644285
517010
109468
806914
922256
43003
160537
23560
503616
572616
871132
567596
504307
378138
210834
496832
887105
885472
241924
352709
47134
770052
921281
913046
66547
363862
996507
51682
848113
350154
616669
49282
604057
215623
560271
833371
724362
954200
46561
790678
877823
72320
940981
991200
309517
32386
791578
890882
689944
889367
540371
838656
543931
24841
942213
3564
241528
563485
693337
659038
768442
268911
22821
113886
10179
458919
32385
963382
81889
754657
383438
748850
315060
283817
24996
560452
872497
294960
532100
595413
604667
8162
281553
192712
683330
926645
130303
405294
752473
764687
481502
742183
821923
609028
624268
315357
895608
924160
15386
260094
374292
536294
734666
962499
601721
786460
690419
324224
533442
630119
277453
21935
399188
578832
97258
477858
402557
28921
38490
47792
955815
702752
485621
754244
683011
640171
674575
744910
441194
420779
246410
540471
907361
72160
863575
50772
857880
424832
348004
284671
127485
511617
176284
656454
376522
977266
324357
800445
218007
363612
392691
845508
960125
566184
662591
172429
205182
720116
235293
779682
812595
266364
687700
516900
281385
973651
742118
610390
436710
247226
292053
101331
415360
142430
752121
44828
336694
119243
107344
576793
718402
723380
225592
245645
650530
60184
966630
327130
976596
139470
372247
193087
247186
912628
754133
188787
9313
97747
809658
888499
73895
694121
990458
45224
764071
424481
224662
28111
788660
211407
750871
49795
307961
193825
260431
26004
963125
720127
764310
481023
125762
216403
601832
515161
390977
821394
790770
484163
384922
204231
481759
705519
287043
36657
624734
202960
77546
178368
81067
227913
412215
752250
322290
55519
199560
935718
544794
342840
409385
475036
499602
158173
377200
641373
587295
642923
885528
590562
800390
151280
600982
862916
908972
628000
25103
65111
880065
930834
977313
613090
897243
781746
769910
783078
504190
39807
657901
217226
334398
28711
850584
461064
608912
723133
357106
71851
85025
700715
204860
330094
421029
900222
117413
610877
985630
391473
567775
27377
985339
558930
233155
45774
409134
328375
268964
388999
696938
324880
492668
696136
226884
140331
522205
84963
686119
210045
149018
977052
140845
150566
742370
287984
153519
794497
279457
359673
608630
573296
674928
817440
3187
345224
443777
871400
834015
243175
373180
449891
371219
625935
801699
952084
545605
756419
308356
337569
897618
401743
99476
732654
536301
152533
147745
726238
839029
892643
185839
52572
186227
515515
986013
413851
370025
679684
967471
782529
441774
123476
64861
641383
670571
817752
964146
268780
973415
25556
266184
357271
647354
158854
873689
965532
484947
175058
913879
46852
386604
139830
806928
571783
396820
497707
669476
568208
686089
538372
102782
239031
376205
523921
556718
685828
263927
951291
883640
666237
436457
464030
400286
243493
491865
998901
761200
148481
578639
855321
213783
167785
750700
509459
352908
895680
197745
159835
322171
743630
755480
187545
519165
187807
726295
941812
253790
853285
448155
520295
481454
182995
237954
503692
687128
120168
305321
925400
231547
444942
983820
109585
987499
148936
158728
394768
891934
506025
84058
175100
118778
303232
876194
137758
937656
32521
847517
52463
965353
712491
500592
977895
439670
408348
441995
289807
349456
449213
694560
506969
739929
803732
887811
493554
279018
68123
588592
250428
218303
45202
597331
172793
211213
948605
380171
347963
61533
853323
933114
194556
366839
131838
281591
503205
194340
264573
507330
728904
380712
594010
664129
206422
782869
303766
195102
812723
823192
147057
496225
484148
970614
223436
84436
911145
378044
408290
423327
679614
756982
876576
835393
105486
