288735
141118
618043
360559
968842
625789
571499
237068
659237
207999
65779
168178
277708
570007
282652
710765
815250
335132
720525
77477
8531
625104
473058
74077
276873
552231
780664
296485
805006
193885
984704
481263
501483
203283
190905
962791
317522
973209
531570
906246
72194
188289
905403
357547
497231
676604
469243
179760
688378
702887
957825
630014
530091
233260
115625
671815
946529
245354
139145
114706
24129
857938
48507
326529
149757
910542
333939
573158
313226
636314
55795
6333
634184
240272
815980
942343
990698
520302
664159
352608
350530
149717
53899
421773
35960
877875
421898
619764
689169
699296
827696
981316
147543
991928
361800
189800
786934
731635
706888
621760
145755
152705
319771
724378
803954
643094
191069
970157
558266
238325
35023
161444
908804
809423
63670
41971
751897
927935
207592
13416
960254
435051
759689
252068
223888
942026
938987
673982
123881
845556
798186
6585
915939
954442
231720
690538
911851
492845
580312
457686
664297
70607
473535
209290
384137
192569
103665
253272
149165
16514
82079
50057
499443
363308
393743
363636
956732
432994
735833
117807
854149
287062
703282
317133
617085
919800
867059
107951
297522
660567
780257
426863
731298
724049
342547
712435
161494
956982
755334
840424
550973
217531
507961
783654
93289
367464
449542
494746
623512
557438
21543
163221
729172
342180
152958
308058
366418
175031
152967
132630
697600
263
175180
190993
683876
986780
473129
692825
690072
928264
718372
708892
988925
472508
110640
129732
587936
136629
873658
477314
244485
15073
821
572763
883457
193716
791652
622794
886530
146119
802961
503336
883411
806902
327905
890883
742672
592412
411642
420438
433490
370302
714039
233490
309462
267327
237890
120261
151810
248634
55369
957572
1669
601975
685951
296947
409784
816760
705776
767192
236824
860534
501463
421468
548658
524429
820620
280976
468316
334301
916807
105672
69987
505768
638479
857012
530311
558992
769422
408538
788319
503040
292482
807208
907788
949841
18860
791650
184397
124197
202035
333150
794959
499000
338369
680941
447126
703772
345703
765485
55365
429800
706776
841726
942613
286636
966040
938868
446925
952382
176460
24069
98546
504144
507150
784492
725221
515247
243192
585489
942205
362213
835753
472247
488296
197242
493622
48071
780371
210851
46539
684524
876254
134521
456202
796983
759430
414682
402598
853716
488934
127009
831309
377450
293944
493990
211695
445415
134944
818905
526375
97206
601970
755804
689186
619375
275344
97751
171781
891457
835416
684583
108342
850242
275239
606592
43308
657390
543704
611998
788872
340092
826585
513780
566925
515255
459032
435371
724426
304816
155477
934923
831698
703054
841510
404283
899847
466376
877202
651536
786592
61867
872451
244893
598972
332953
612339
20914
46960
318848
834101
141495
253750
99046
727193
221751
486485
624913
64092
344845
635463
247521
811829
230059
40371
54173
922888
426788
438827
185667
759008
169890
395557
22116
262521
450721
559761
497274
557288
933417
493737
829586
134881
577415
617605
642774
161580
214886
22959
789596
727860
875735
522553
189468
54442
352981
323605
643980
767612
357789
139111
903879
361383
626139
384506
226949
875229
508027
346329
288253
633474
895323
854997
582552
616096
825833
45614
393252
660527
738814
248680
993097
230225
151142
916892
988850
928138
473527
764678
625547
281825
792598
973902
425489
581877
707405
402166
752929
716424
727803
219403
767505
11890
317399
293954
757788
63784
395174
951086
30864
421213
997590
434913
374717
774923
846951
518948
607236
991065
771959
231005
878985
931508
282875
584940
206451
506412
116362
544732
178315
815903
234078
185644
899343
555074
584216
162743
14821
80163
916710
148773
93041
663665
80448
861424
734144
502234
524836
664276
520715
983639
178222
496209
328828
567666
482134
60824
577829
390729
122996
790436
712948
365102
921927
88460
586910
111057
418409
749493
435037
533828
915077
258197
822889
237201
138562
876054
286340
251674
215274
39342
381021
747493
361203
612191
511414
501533
541257
965327
219430
891835
366359
684121
578128
104791
665478
948829
958316
57309
494930
275394
714072
259946
828776
356968
267827
476876
811803
204290
666420
574693
250549
647344
926669
394420
967988
531202
392271
829758
753994
615723
883441
549444
906330
271807
636507
962773
775922
556122
902764
94683
305313
141774
604190
10451
280686
884102
628214
309927
905498
508828
184537
997368
347757
24030
144087
725319
113119
977911
433494
9608
452478
611105
368052
517426
525372
285262
271960
941575
709516
308920
856692
291360
271925
427163
606667
654240
598568
793346
855984
612218
317186
199151
330764
533102
941822
703517
678752
899139
117854
571476
911135
684158
152727
610702
741101
545253
280289
576576
519478
256148
25598
305834
839895
376796
112226
634364
914172
627366
585576
956495
503282
814686
213375
491098
529976
445316
768494
934117
496315
351828
499422
197616
482580
757490
950155
362204
813696
209438
303985
802727
445044
721557
594586
686328
741667
285665
453030
687528
603155
633237
540762
816712
821091
759787
456302
716429
146737
260145
697364
644152
793743
965275
210282
630678
3935
719886
165081
980080
863855
394990
857220
360153
775518
390682
55995
221538
856930
951807
694759
179218
76225
592809
529586
291852
107870
807940
280693
882402
740176
29135
814871
657775
160446
486256
127384
405710
597407
223024
238232
473897
610136
26850
630371
569323
778523
441907
526438
155091
672365
352170
125700
867484
754532
844781
904421
927777
308184
193972
220514
481340
568875
841935
757305
160793
989412
195379
791421
940532
968688
905173
876254
526646
435269
51342
295186
109306
392320
316821
557636
293928
902549
800760
286268
422931
20155
595790
75064
301682
861339
633564
285734
550200
345751
588995
293821
416485
138338
826031
396089
907802
974338
466390
447223
523053
859792
667616
306544
702342
605700
107910
344428
349122
776084
492580
583258
425792
408481
620610
529242
675409
800010
179697
389083
980148
242937
974263
159441
731424
840765
733321
27349
857093
439167
993711
626145
827909
265679
809096
954214
48413
87861
196254
182774
526698
571733
297583
154107
612993
50589
212344
103122
898774
98880
329098
22806
76125
146666
777875
138068
671294
867209
313028
152679
86955
223617
536354
290470
314383
869977
874920
664610
9812
68291
139222
177768
368458
404550
804609
981149
375228
365632
382617
501814
562883
273270
378681
185425
366418
162153
368853
395487
526716
936297
670544
360334
766993
541148
930904
665600
142346
948439
711392
552548
45712
466655
808165
201642
842793
262014
615337
255876
504030
3219
311778
69884
403451
227770
31997
558495
662231
368481
467804
62379
29061
375895
539819
348605
309933
525617
876519
720391
786692
309153
843422
223011
896743
272672
776114
101776
685513
290164
888227
993191
188837
35802
49089
811859
954129
354874
255677
933361
367256
823479
159609
67326
316278
34245
452309
165074
993693
48664
260117
812666
315656
16177
955973
822897
519552
176001
955477
158704
990658
329726
132466
895672
264064
401053
462924
662736
449816
883614
385879
887915
37244
818607
156121
219817
148707
441093
155920
695876
833456
787091
731576
584724
919133
363173
625508
342784
271382
446127
485727
794126
51326
702253
251915
467823
706177
594253
440964
8489
979985
478190
484732
713360
189572
383841
308863
543260
374906
218830
283951
404952
703734
540249
528926
108842
687003
97038
301433
168684
344639
62236
871107
528908
450489
246253
839049
380339
380756
610668
340390
456577
892003
86603
946780
590958
362815
42552
371718
857986
647467
743615
274043
323312
710446
797418
553550
282786
637449
891537
537542
883803
451462
93104
368318
191097
401813
603322
718910
84356
39573
137938
688079
856452
444447
39292
355430
18798
426319
816391
13628
614260
388837
56515
537123
288287
812984
555193
695370
475322
995274
70937
473467
320299
758292
326978
624217
373928
340481
754281
743045
675716
567657
998456
130803
570067
710430
397760
589396
488544
139765
480171
81291
975285
7140
24636
876347
432791
696281
384862
408053
421718
720229
583640
566116
861035
70447
151460
563512
143827
764013
805302
833459
9220
480367
841752
635420
992383
730917
553213
179146
412201
962748
66752
111850
150215
361993
752252
156050
924578
892889
749792
534198
369254
285324
225811
571124
991345
266688
683386
526459
998423
323082
24047
276550
62890
670461
86877
939069
321879
918046
75188
913342
298870
114339
621920
95594
977156
480335
241944
220687
955500
155040
572812
380535
472733
705156
115020
774297
100785
983791
148712
656553
74556
162341
125797
267066
552221
405166
114782
249371
581056
708451
810192
695293
181501
882659
209272
488651
756182
522236
305729
63778
980763
76725
53594
43120
439983
814226
413866
473055
534894
551115
512399
538228
606281
511238
809589
702040
794444
573252
710707
194615
886948
466580
230327
649393
293660
184451
165101
475684
332334
996726
726193
246860
208186
965758
736038
982530
427371
795258
303613
707881
896950
175177
358290
84549
632882
524839
544343
224744
822782
182095
756557
23965
971629
638016
31928
477574
996280
374648
603272
482585
428636
227613
667626
568424
337460
965847
825652
849059
185305
957523
207826
243762
599730
374220
18998
674912
956872
374647
604998
518627
750708
104755
173289
57643
952721
152795
984195
65743
954420
305942
170113
939173
229098
69301
337150
982865
549403
428670
756939
557912
453747
765156
265999
801639
667266
662779
955783
542731
352009
589424
358647
851265
386202
77042
113296
387135
353900
78732
27825
340234
564023
638359
49294
291887
211723
872613
895859
769425
745223
535938
10774
614399
607716
115478
57189
539849
786604
486259
388443
413142
21296
646008
800665
868304
96009
944588
402785
825378
375407
524735
623645
374248
628678
398823
216707
266481
231519
700610
619944
951141
35768
171469
181794
689136
552800
867317
573652
785571
609560
405501
175190
390693
304996
810137
340845
637408
919898
159914
234163
106962
414554
794129
351245
744303
286370
790732
945355
380721
853505
794410
311834
963789
480790
43258
295773
443235
870661
619324
444471
16272
304481
531351
942535
97042
638635
227268
839531
942199
934918
529507
108421
338320
836229
787975
757612
136678
186245
253526
560229
707080
935715
289014
961321
574827
78202
55548
377010
603499
214544
738299
409192
91153
358000
209234
465172
58650
761011
263396
893749
826210
869659
210883
27512
697927
993411
658392
455759
203855
915362
772257
443195
885432
462212
179118
656697
52345
3334
930898
265713
287622
954784
637509
41456
732591
626794
953721
295859
344478
172201
95877
373340
386823
968506
959662
936741
386492
497670
711873
473363
670969
675456
437159
287874
385749
626093
534940
745887
584006
98189
82256
685376
579381
74316
305008
722633
257588
639343
633103
645300
453682
841572
554245
207096
819219
105899
626636
417140
827158
739680
562612
851394
692251
209693
253219
604527
20794
162496
968037
247580
945993
610709
735027
560167
353830
314180
81956
865451
559215
147688
903957
512033
453309
165787
211034
418888
710320
150589
904842
627856
115692
659725
535818
492750
457472
979427
199748
474935
708820
931607
347126
512364
421955
184021
299144
582308
352499
569030
690942
387635
338057
929187
895720
62306
365989
176810
722601
413801
582738
579899
326629
498534
720683
768207
321038
260886
48391
590960
539951
557286
486262
751673
763906
133857
971953
95706
991141
29459
508587
532643
514303
435533
583657
838275
145255
259965
807635
999918
419940
514269
688717
343979
510729
171695
433740
416154
875480
328453
545201
472299
380495
341054
770434
482003
748874
109839
651401
747049
706219
832101
522158
593424
122444
357753
305967
108221
781428
746333
875136
561706
149508
746204
54080
980065
659330
695124
569681
315726
577327
775926
382968
799914
481084
651882
872222
355981
737152
253388
280017
402299
140318
890919
685335
979917
52159
928796
516783
902883
959672
970095
284052
548098
364044
875132
772174
976735
305145
964252
416733
310726
629062
440239
958085
675493
314024
406469
758783
564070
784299
854010
360763
177931
162188
644183
957498
156311
834951
822687
461202
118472
546560
567182
756309
612351
463387
692322
547816
388172
308478
914534
936726
397106
710788
13415
484710
552706
373796
617448
66238
86824
532140
588773
248797
281897
435461
885131
290476
467947
275352
336608
99058
435305
54374
990651
657896
833064
385298
550924
491237
698414
104302
963838
715289
993475
883548
391204
101218
913957
736628
648269
362367
777891
424579
683439
570409
502888
290715
829357
203745
36827
979245
364531
836374
619561
825678
390569
886560
422189
446282
152098
162026
935619
199324
704825
162044
461605
742643
271711
226639
197143
870062
718088
659306
697025
173424
323600
891975
949592
847553
432184
609622
907124
132180
620854
506802
75047
467887
743896
9497
683034
432404
581147
863080
36317
919056
847332
960801
876944
820955
4030
167109
972415
692526
656640
176241
693092
474204
315805
638899
39948
386666
956058
888462
440685
527699
114026
603072
644947
537834
234367
651057
218273
940114
593651
184547
459674
404887
410755
769757
49118
242266
686878
972312
368933
882904
909131
352102
237078
971993
998698
264556
740409
971907
787921
213850
962543
845657
870190
758435
663584
476347
882377
130427
387955
967063
151601
797767
51744
861152
166431
171687
792442
624580
517228
541930
751623
440108
791115
108263
505095
477228
404147
669242
55197
322360
506600
127800
656421
180536
906806
478110
258178
792812
424862
349338
17509
752928
209527
499224
159730
52202
330021
874140
446427
233440
388940
982080
647938
492643
993379
361231
711392
431528
668382
869115
765560
934413
200187
365946
710245
819771
456292
120730
900603
499750
445180
929751
355756
870228
750638
504489
996241
49475
503895
159637
646287
385252
741394
211769
924612
358186
336826
785348
691361
623517
693120
915142
419032
453822
33425
932743
711647
272068
439651
129783
209145
797382
752998
601559
282911
565147
72947
992163
253548
228569
869512
585863
343450
100603
658126
819330
214421
853147
777356
825480
734545
154644
56707
62046
568689
297789
65086
426657
293474
545725
190107
515062
259
8202
14173
840276
768597
348352
325412
897825
967848
516305
629804
935866
76061
7583
215456
168877
592940
852245
660753
959716
667647
655002
175242
187248
262408
527027
315357
615365
29299
676953
426736
584109
590329
761547
630633
754741
579848
835817
294060
957976
633513
887806
701560
418248
489494
495103
81124
756741
505299
98079
227562
212064
187536
749148
713716
459816
782125
967833
83223
260944
578922
508194
478100
923658
347422
428168
870263
224803
239120
839638
438128
3985
567356
113560
657805
117363
106858
116216
362923
817922
942944
260693
367976
915143
444255
771924
247144
259406
633090
584157
513848
195074
83887
716445
755880
631085
493050
804798
246783
289025
232296
708860
176190
506033
522881
756496
920188
693513
349503
241440
707329
182530
870393
247152
626716
722880
874030
734280
171694
345211
783130
99672
415958
644227
812981
91572
478508
795848
153925
48725
149639
782375
466696
920291
422293
367062
554548
419050
201361
333141
807532
962076
648138
382234
901991
761108
457919
873207
282278
539090
865823
274906
151901
869846
329228
804865
57747
64639
644799
230935
663718
862359
723877
223920
979085
919325
372087
966714
132028
240238
197362
949027
760307
243525
205094
6705
228674
112375
730014
700754
176612
446974
101409
73590
350151
4010
841657
668637
277991
486221
257587
454311
114818
927806
30
954526
893678
210764
538963
455283
504458
642725
530001
630486
946954
328618
732527
310060
794722
276493
480609
399545
349852
792118
704887
152735
668974
737431
156958
97571
497289
654727
797353
920360
160086
591438
274001
524550
630152
699635
40179
297656
314704
329897
939238
343558
586874
390924
17980
67311
724519
204305
921373
35693
713033
948097
468374
479131
319069
53381
911938
149270
948495
594722
945863
501331
64617
798458
736946
331536
361650
282012
132998
67259
463614
532929
725572
881209
650252
438081
630847
680809
999309
381522
692917
810097
378409
543690
310810
993827
920000
555205
243879
652109
969249
585245
559797
218787
7494
277479
355155
507910
722791
685838
818
490005
224279
507855
442416
63521
378560
465110
521004
536686
383955
638297
369682
571134
992465
928706
689086
281083
239450
588397
107925
30429
147484
938128
894382
225044
633552
975086
999937
58676
767677
561742
789307
738234
606291
282643
838488
187894
55070
857736
867439
611305
603699
208792
214816
577358
318923
889800
259178
487309
182481
612663
844461
379733
716935
26320
77029
34622
855126
740412
827499
249110
177901
823860
892535
974665
969996
654260
50187
729232
25357
45711
176891
327704
770914
40751
185057
510193
71748
616296
787282
490017
30791
823998
996496
791882
202648
562207
830961
5687
903819
259704
908835
242458
720555
240658
489103
146334
890759
435744
43980
290149
967811
406133
632475
662039
61869
355071
185622
736630
998161
916005
310943
316757
931975
26752
377051
930286
316483
125928
448847
71497
632252
240899
109603
987629
956236
275750
328283
28547
273217
953275
308783
801156
414144
416764
692324
500032
643480
455367
575084
821919
211640
681049
550190
814073
638777
755704
386534
855105
102627
943700
16435
721848
65829
848188
220010
356890
197059
178718
766147
518820
715539
793245
798345
970858
519894
59356
938211
243414
850073
787550
920255
292269
774934
603677
568669
566440
498352
648126
580128
98443
333100
916135
886188
234520
204487
386590
334697
533563
714658
325934
51697
180824
123679
799330
123629
986154
84938
472963
174193
666374
610139
249391
1072
647538
533067
142088
684774
65213
691524
65862
485174
989540
153262
896565
400912
156720
74459
236522
482617
649720
198199
811378
863003
38335
575643
319555
995197
462426
823997
857270
775235
21999
123092
750095
65479
623935
196347
736250
632784
127574
722040
967391
668550
229969
977321
219355
867390
36529
30031
38368
506923
673877
462384
287462
93333
619174
435738
703370
915592
643739
887143
625907
285847
398724
786030
19867
334306
706708
673374
273720
973989
565471
155833
29900
54059
718835
633843
478230
780016
404345
305301
127050
194846
548690
405462
55845
887287
249156
718834
48719
121719
853034
630310
809773
268716
326776
370488
669490
756158
892845
654048
805468
757829
104570
610276
21355
489805
627965
761255
554593
294430
4335
815930
216600
657582
578651
217236
408260
926927
596033
704622
199109
777230
192322
635800
710353
403340
634617
449198
499886
12291
703766
442575
511693
433026
553199
993441
422572
565583
727105
453359
895843
951146
275870
210911
334727
960173
67784
837069
217328
967914
463443
801870
990678
414907
492885
982789
803042
834659
555393
72847
61694
771503
448021
40477
917643
8712
221287
993357
299283
680258
959116
154834
43700
649186
84979
174317
7391
1389
207337
661893
777381
625639
834849
662682
749273
629044
515463
767838
890463
771686
83376
696835
464835
195008
733981
479601
359440
465567
589321
817266
424212
359147
265171
806749
412521
869716
705791
977063
693368
643611
213479
504219
895284
411354
167489
546755
37512
17828
400458
875399
505788
336147
580412
358034
438088
691324
232539
405121
699896
416951
227278
180886
649141
821405
659946
242067
317621
149676
51978
278665
468827
92716
714999
800140
231253
18306
936323
935639
651858
375725
368121
998323
566058
661105
632365
101542
638652
921157
689801
908552
294335
20033
963582
547663
526982
797405
556819
831153
253598
805413
158207
178994
961896
527957
390996
67344
889673
857873
427972
396990
869690
135862
668754
908367
275504
239599
155560
657444
211724
52280
189782
610757
206414
136930
304042
618030
183849
596122
343064
377285
422645
906316
911578
520039
537232
981847
858574
613118
259926
845692
784669
698836
946373
62409
782902
976706
278865
523275
753235
367568
600068
264416
667103
994949
673939
745832
100799
68667
441123
422516
205046
262159
512879
498444
33072
437658
730595
470043
810545
492357
107204
437793
298201
173824
862326
192960
871550
944434
64712
771016
321978
362247
603580
504125
669686
989707
824694
602145
471273
541760
187531
944914
203417
841397
726655
78165
308998
163343
933414
371227
403114
715573
913331
916735
953857
333487
320096
30921
476315
943078
618766
147581
908178
987068
688864
489683
371447
801977
642251
149613
967107
884253
1206
112393
598310
90055
58890
315785
72437
75973
327359
56989
893583
706901
467586
927735
224370
732499
991423
987887
469645
765102
327219
72231
814471
479641
548802
965965
834994
86
181798
681458
993112
637110
21765
222164
424536
498133
825380
29180
934688
3573
68914
771711
528039
12108
707521
264803
113866
82930
14318
76029
255013
384417
130053
817366
956178
896348
912119
209330
524320
846743
35956
751510
476214
774574
72377
236953
316780
216080
441123
407432
766710
775073
723943
762449
679057
256601
809781
906872
451805
618508
740125
850475
217113
726886
924362
357158
467760
289105
602960
782502
67502
882052
50600
835343
784397
693421
31833
352385
584791
450302
448639
484460
930572
22063
952261
658815
233387
353432
530925
303936
436932
708873
730599
601693
422053
690836
217671
466181
559255
132117
850456
539453
269392
756520
290680
241401
895649
452221
456615
814368
538586
108671
796291
862652
760897
230556
442209
102862
229657
961311
798248
913178
431217
723837
4968
797874
567552
417563
31259
68046
622729
998642
848298
880286
374315
314059
256039
272138
816909
260594
452969
986472
63637
696033
366601
686501
296304
42740
95217
628966
746063
192609
550598
985104
3802
147643
537013
777314
183136
811838
53475
834033
588719
487739
564300
256119
578762
925002
347236
635148
253010
218468
798974
667315
446071
459716
754576
866232
260859
808739
460380
793706
38066
571368
829199
599677
224948
943221
2128
690800
80333
312420
43062
31725
532678
401034
799979
923966
794088
69102
581364
104296
525626
305339
316611
657945
447864
785034
296025
551442
295513
388369
419028
555751
926090
241310
118469
952451
209978
166444
774401
693988
52866
912561
482476
623639
531422
169477
500119
951621
659208
168549
557873
430855
742217
619524
493838
579224
632038
840802
345879
854727
439557
202900
119291
905740
433211
423840
936845
890698
913225
830390
173674
389788
826852
430511
481204
615859
769571
530093
312343
472539
803287
670969
674389
504633
214973
867424
356652
939207
937852
474835
806515
825318
862056
536807
160677
746167
672859
126061
677596
699547
171973
19597
962620
520748
260994
30031
929089
656671
896002
452749
396682
190722
358440
382440
592532
765112
129760
102779
591169
450531
506003
359465
906071
672714
843304
89534
28635
21262
986509
98775
699650
138116
407
254321
93813
911436
796778
990898
899648
885193
630287
316906
485147
135600
722427
50494
953740
862578
465068
715927
915688
597789
753815
387042
226770
240311
6266
777249
779131
96875
331379
44494
668409
725641
133557
104796
706794
660823
158669
729412
303390
30010
619141
338377
191301
666911
571348
197125
345088
569252
160952
673060
702761
454924
700441
315444
983240
729040
798019
784603
973214
390355
918122
75451
146575
277612
821239
55489
375146
584663
304305
68906
791140
757805
542868
246089
569825
729591
122334
201801
515107
940425
537979
5485
851267
752601
542054
663585
550833
670995
221203
866484
861590
250441
98526
421599
434965
691906
872008
619358
603561
907881
624691
760253
907358
271994
471805
208835
926091
358649
646250
634469
839606
725591
966174
548878
908481
195598
477042
856923
243947
153071
815467
899781
819191
87137
503203
388628
663334
984916
947096
702113
574914
206952
394399
252374
493459
161356
472771
12036
875731
434054
230385
838561
37492
29580
783965
932545
442143
30183
781205
622968
344343
290591
888907
685138
29743
751597
429293
565969
131196
577691
104363
216470
147328
602285
471758
712744
341132
498668
465506
484498
654209
685619
791148
764007
136590
223689
467129
818677
662528
861501
132953
636789
379469
950944
999519
998711
420340
166011
478150
284799
898641
832060
592239
946410
101249
200604
249053
297901
95663
189338
329120
175168
676391
947879
336764
50237
689461
106816
47734
391611
294521
720954
188494
416522
650779
727213
686640
893929
846010
203484
443042
326055
627159
836772
893668
661440
636515
787336
852717
673957
409254
570036
258539
279895
346113
664978
479970
359192
239228
316593
783090
97085
699681
383586
407036
468878
12053
161815
452397
253249
524292
817918
446850
878435
670459
443626
20059
480845
119425
768988
593531
787100
344344
257327
370950
818185
115755
645552
200710
958334
35392
990517
74690
631497
248314
935463
125979
684651
897717
220123
993147
589915
719798
423901
329753
746412
415289
553602
55226
487949
79810
365531
666814
884107
26927
246308
562243
59960
795807
67608
858828
553647
999651
677086
637154
181165
941544
591059
886113
984225
601166
14111
680926
99717
678790
526582
286935
808238
872255
652998
949335
594376
458105
52787
102622
782846
549875
259233
613463
202314
114444
733410
456767
372653
941726
496930
917180
911578
283383
760637
6808
213083
803078
775976
294894
962744
813748
601560
756272
723954
516643
599559
562849
654300
102417
254806
965943
392791
126257
344152
547246
296276
527092
574361
152261
497412
25174
553944
762484
706663
402801
367633
411217
287315
349744
81778
2781
895151
137937
224764
556031
893394
379241
658612
960474
828711
515597
286253
806890
485524
492660
723544
234274
423561
276002
405887
21033
447536
483217
596420
340749
158035
425796
416035
701464
589123
281376
325071
592329
950905
949985
452336
272564
664198
387156
789198
955106
199667
852306
544790
360898
715246
562509
892945
249714
123332
699817
932315
69490
13195
584553
928180
308567
804260
97466
807772
483844
612333
110441
440533
952740
573554
768445
450512
898004
789816
954635
180205
901771
634553
166095
953456
498921
889284
329386
969584
979665
68957
793145
1763
497415
338121
849184
569711
230388
620110
654075
410093
944016
857899
349970
877604
806124
897977
516371
375509
717961
137518
823888
36500
741576
900343
906463
653053
427622
488597
20353
291018
977603
994768
16128
111018
210666
252623
514230
669295
247461
755821
945130
372948
672200
979414
291883
824113
688935
302145
955886
503406
449215
646401
155903
615064
295651
27852
665938
944530
139576
438286
499271
263760
570829
872814
354013
160420
583870
856588
249756
164143
996782
526353
805444
696377
738370
178614
35311
679916
183429
208879
372751
610024
627413
535395
871273
511123
809096
925997
177140
481359
113457
128103
920119
461914
716909
339627
626719
458745
473119
352493
124585
691529
780042
650645
677213
47885
17453
850891
764913
780525
399097
137606
510941
600814
244764
761275
241011
194279
744924
246055
559855
711927
264240
682955
630316
975809
110126
372971
48415
978086
478664
128410
822126
749921
982565
740875
482082
829832
764519
480797
279197
370742
704121
6120
757207
390736
637737
726665
727372
794649
828010
495917
818104
571912
143392
483414
324040
10630
537919
218606
37081
858740
457611
91018
106187
110113
742260
41715
743215
496812
439981
787550
768842
828294
706811
682336
575653
34141
624749
238047
74675
138991
339033
404353
587215
426667
389071
936225
445550
735052
487331
567044
274085
164087
286616
248604
536802
476361
868562
419593
957369
123035
784790
120549
845019
137463
487055
786051
192303
104658
893869
713769
650122
36840
658422
535263
130891
263607
426318
494814
842507
379871
1455
980304
13751
885474
874582
544080
436043
397513
11383
601947
216962
219712
145627
104874
817705
612719
77763
740699
529673
325075
640506
642054
34615
816640
60304
151938
588280
134587
417253
929795
669289
586642
785881
568676
642929
197097
425352
937982
103851
428144
80049
666485
82142
802438
50100
536798
224012
872353
196312
75111
391340
447218
455111
289006
863583
111880
756444
331316
471050
848284
461272
849476
540319
6302
565134
917473
490566
960887
950405
741482
283847
539687
912253
780443
702860
708573
