999514
996554
995124
995061
995030
994684
994124
993020
992791
989562
987016
983831
981913
980773
980543
976847
975918
975062
974624
974073
973622
973345
972245
972178
970748
970570
968240
967341
966602
966452
966225
965836
964406
963339
963248
960016
957898
957613
955772
955203
953562
953057
952497
951981
949147
948350
946868
945983
945966
944482
941014
940942
939903
939294
938826
937348
937003
935411
930946
930727
929620
928783
928594
928294
926712
925568
925203
925129
924400
923472
920713
919589
919554
918240
918203
915801
912845
912082
912064
912055
911893
911802
910171
909334
907314
905806
905309
905048
904318
902293
899813
899085
898076
897731
897318
896930
896917
891284
891206
889399
888784
887551
886954
885813
885027
884194
883900
881622
881469
880103
879718
876778
876637
876519
876419
876150
875890
875182
874797
874526
873986
872765
872458
871736
871654
870710
870298
869548
869299
869159
869076
868849
868836
868625
868183
867685
864615
863983
862951
861874
860290
859943
859122
858388
858362
857819
856852
855511
853879
853339
851919
851448
850961
850426
847521
846545
846478
846303
846259
844866
844354
843863
843460
842902
842166
840340
837790
836570
836202
836113
835370
835007
833697
831836
831419
830785
830230
829604
827502
826719
826427
826415
826289
825934
825712
825543
823836
823011
821650
821407
818135
815834
813679
813433
812959
811864
811451
808427
807186
807064
806841
805897
805091
805011
805009
804707
804526
801400
799213
798578
798315
798215
797717
797235
796987
796756
796526
795798
795739
795210
794436
793305
793137
792129
790341
790270
789490
789186
789163
786054
784587
781391
781283
777386
776933
772244
769926
769170
766927
765914
765707
765651
764770
764288
763854
762103
761466
760896
760840
760754
759554
758646
757912
757039
756033
754849
753797
753777
753572
752466
752096
751772
751541
749644
749034
747065
746673
745383
744707
743829
743580
743155
740795
738390
736640
735825
735395
735169
734337
734079
734009
732644
731757
729831
729748
729090
727536
726153
721601
720724
720386
718918
718834
716747
715711
715564
715192
714055
709075
707671
703747
702844
701836
700278
699912
697164
696461
696034
695197
695117
694590
693823
692738
691675
691482
689886
689288
689112
688922
688376
688324
688167
685344
685278
685236
684238
681687
681461
680339
679048
679014
676920
675904
675329
675020
674712
674364
672433
672024
671596
666312
666254
665959
664753
662473
660904
660673
659742
659317
654912
654777
652470
652276
650663
649306
647722
647624
645060
644578
642729
642266
642041
642010
639575
638878
638581
638096
637658
637642
636663
636472
634828
633936
633498
633051
632154
631623
629823
629641
628481
628098
624060
623632
622684
622329
620152
619772
618458
616746
616117
614075
613244
612822
612561
610866
610754
610614
609276
608572
607724
605538
605535
605177
604346
602710
601329
600985
598558
596583
595241
594764
594656
594206
593273
590725
590050
589654
588844
588735
587789
586748
585538
582936
581150
580805
578965
578942
578783
578226
578122
577138
576618
576557
576282
572286
571338
570340
569068
568715
568366
566588
566209
564847
564398
564148
563881
560948
560489
560210
560032
559070
557314
557086
556060
555490
551542
549380
547832
546082
544880
544807
544583
543476
543432
542814
540852
540619
539058
535852
535748
534940
534650
534489
533317
532313
532163
528148
527837
527013
526825
525534
525224
525050
524182
523241
522768
519019
518828
518267
517180
516484
516019
516013
513239
511754
508831
507531
506569
503882
503879
503285
500934
500741
500411
500329
499453
496865
495191
494994
494480
493751
492388
492205
490821
490224
489491
488369
488171
487992
486101
482628
482100
481163
480438
479349
479081
477794
473440
473401
471332
470881
467764
467164
465540
464706
464506
463939
463375
462761
462301
461694
459702
459594
455456
454587
453300
452159
452122
451726
450180
446997
446495
445705
445075
445069
442945
442845
442100
441382
441278
440947
439764
439248
438700
438562
437914
437723
436487
436092
435276
433875
431938
431284
430144
426663
426146
426120
425485
424056
423720
422658
421967
421942
421359
419974
418772
417166
415989
415141
414376
414264
413437
412425
410649
409409
408622
408615
408448
407104
403706
402131
400270
399565
399288
397922
395697
393920
389832
388188
388002
387785
387087
384799
381925
381187
380972
380496
380167
377948
377915
374994
374880
373077
372743
372702
372204
371490
370864
370657
370639
369709
369692
369117
368588
368545
368130
366832
366669
366501
365367
364175
363221
361440
361437
360975
359907
358798
357996
357680
357085
355938
355860
355668
355333
355274
354399
353517
352001
351957
351454
350321
350211
349910
349187
347872
346832
344375
343392
342308
341342
340613
339962
339548
338940
338838
336265
335341
335313
335202
334251
330682
330454
330055
329841
329810
328581
328467
326704
326608
324329
324190
323869
323074
322216
318755
318413
316595
316051
315522
315432
313697
312676
312315
311805
310278
308941
308795
308197
306898
306522
306228
305719
304521
303548
302540
301611
300644
299473
299141
298463
295536
293397
293275
292502
292327
290110
289824
289762
289489
285581
284625
284217
282656
282555
279460
278952
277335
276638
276405
274742
273987
269758
269472
269433
269286
268855
268500
267092
267014
265881
265420
265374
265196
263474
262253
260208
259567
257000
254840
254718
254593
253445
252836
252706
251643
250951
248982
247883
247817
247166
246267
245698
241190
239629
239155
238998
238956
237129
236902
231657
230675
229862
227649
227220
226852
226122
225150
221874
221352
220888
220185
220114
218497
215382
215150
213657
213452
211201
211190
209904
209892
209708
208557
206832
204008
202545
202256
200627
196159
194497
194464
193819
193706
193504
193417
191640
190764
190267
188961
188927
187893
187709
186971
185903
180983
180368
179737
179682
178173
178144
176661
175938
175520
175157
173939
173507
172071
171661
171287
169186
166398
165649
165063
164540
164346
164261
164213
162206
162083
161695
158811
158094
158079
157245
157205
156931
156259
154169
151856
149702
147110
144855
144455
143930
142632
142542
141190
141167
139139
138342
138119
137899
137875
136520
135917
134083
134009
132625
132523
131472
131394
129994
129327
129018
128190
128037
124979
124683
123111
119744
117953
117541
117017
116630
116480
114875
114534
113150
109923
108975
108381
107995
107468
107011
106134
106128
106025
104974
104170
103442
103354
101661
98872
97433
95815
95209
94917
94354
93554
93489
90460
89489
88414
87392
86922
84977
84756
82957
82129
81376
80132
79466
78719
78276
76640
75589
74426
74008
72151
72112
70609
69037
63769
62757
62355
60456
60227
59886
59418
57881
57218
56272
55299
54353
54094
53769
53254
53045
50768
46586
46030
43028
42937
42742
42466
42212
40560
39094
38962
38349
37399
35834
34862
34230
32370
32071
31534
31435
29694
29551
26823
26715
25771
23144
22087
20486
19825
18067
16711
16631
15646
13201
12096
10664
10327
9690
9338
9319
8688
7100
