37
75
97
138
932
974
1089
1553
1698
1936
2112
2130
2524
3133
3639
4051
4546
4971
5035
5361
5574
5776
5944
6095
6358
6381
6903
7284
7296
7529
7664
7811
7904
7946
8051
8295
8761
9292
9585
9658
9867
10086
10159
10292
10816
11202
11239
11254
11753
11807
12037
12132
12174
12611
12789
13662
13857
13937
14083
14409
14569
14608
15470
15499
15584
15879
16015
16211
16422
16498
17032
17142
17447
17859
17932
17957
18264
18592
19011
19350
19883
20170
21078
21108
21375
22677
22929
22955
23339
23792
24236
24548
24721
24797
25065
25240
25384
25687
26044
26704
27034
27312
27619
27642
27843
28415
28825
29715
29815
29827
30070
30164
30454
30757
31989
32043
32428
32520
32854
33014
33031
33210
33371
33519
34252
34435
34792
34886
35714
35775
35938
35950
36506
36553
36556
37073
37200
37242
37406
37489
37664
37840
38033
38101
38395
38473
38478
38566
38719
38885
39775
40025
40263
40799
41515
41526
41805
41980
42304
42378
42633
42649
42780
43227
43455
43559
43942
44184
44533
44738
44925
45028
45059
45142
45495
45865
45884
45916
45962
46118
46171
46772
46844
46909
47557
47785
48824
49057
49073
49189
49253
49616
50335
50387
50651
50826
51185
51248
51560
51940
52015
52050
52287
52315
52469
52990
53047
53119
53224
53238
53406
53713
54232
54421
54645
54731
54818
54883
54946
55228
55266
55568
55844
56039
56041
56264
56520
56585
57733
57764
57861
58061
58128
58269
58414
58759
58931
58956
60102
60871
60919
61292
61297
61570
61714
61906
62446
62790
62845
62851
62915
62999
63048
63105
63162
63892
63966
64448
64533
65003
65037
65094
65242
65319
65379
66166
66312
66349
66789
66809
66822
66903
67060
67158
67606
67820
68535
69180
69448
69570
69586
69698
69760
69812
69813
69949
70019
70195
70237
71068
71189
71680
71847
72030
72377
72450
72570
73574
73776
73795
73836
73946
74271
74284
74421
74495
75002
75210
75513
75530
75820
76357
76369
76651
76737
77041
77376
77736
78050
78274
78352
78824
79037
79235
79698
79810
80354
80388
80534
80608
80816
80977
81058
82294
82696
83361
83643
83775
84241
84291
84327
84474
84842
85340
85444
85626
85753
85817
86211
86225
86343
86425
86459
86659
87253
87645
87839
87961
88177
88222
88519
88765
88830
89032
89130
89168
89261
89683
89768
89790
89801
89961
90042
90203
90245
90338
90647
90710
90837
90906
91116
91171
91462
91977
92311
92388
94331
94670
94991
95477
95638
96030
96100
96141
96195
96444
97485
97720
97779
98053
98977
99268
99300
99318
99775
100171
100477
101601
102559
102759
103586
104194
104303
104394
104535
104672
104707
104710
105470
105654
105727
105732
106404
106836
106940
107070
107162
107553
107578
107616
108443
108715
108874
109030
109107
109410
109416
109477
109760
110228
110394
110516
110581
110594
110934
111007
111725
111877
111984
112170
112889
113070
113628
114258
114297
114356
114493
114590
114655
114692
114828
115081
115273
115840
115944
116160
116729
117186
117199
117768
117899
117920
118108
118127
118426
118759
119157
119379
119463
119470
119536
120326
120386
120608
120870
121251
121308
121539
121664
121692
122231
122240
122442
122863
123146
123199
123323
123756
123864
124076
124081
124297
124301
124378
124599
125158
125179
125214
125376
125542
125612
126374
126446
126688
126859
127100
127118
127215
127228
127231
127251
128374
128681
128820
128846
129035
129063
129103
129172
129516
129847
130462
130648
130991
131023
131061
131314
131578
132147
132395
132411
132457
132904
133142
133187
133188
133322
133439
133441
133516
133836
134313
134319
134790
134798
135151
135221
135578
135710
135805
136217
136451
136518
136527
136550
137047
137085
137775
137944
138884
139109
139438
139931
140022
140361
140793
140993
141585
141839
141912
142660
142785
143074
143170
143539
143590
143983
144627
145391
145658
145920
145964
146888
147310
147539
147715
147736
147789
147873
147946
148841
149115
149381
149674
149829
149873
150137
150233
150453
150485
150777
151219
152150
152441
152987
153088
153275
153612
154098
154185
154208
154411
154689
154719
154816
154863
154906
154936
155018
155180
155752
155824
155970
156679
157457
157494
157911
158172
158211
158269
158721
158732
158931
159030
159200
159226
159519
159747
160401
160411
160982
160999
161183
161271
162233
162547
163042
163201
163355
164075
164232
164519
164686
164762
165151
165438
165447
166027
166758
167348
167785
167849
167954
168597
168628
168829
169001
169081
169175
169482
169517
169616
169711
170861
170994
171092
171211
171366
171427
171527
171577
172326
172374
172467
172706
172726
173061
173091
173288
173299
173470
173501
173900
174230
174307
174313
174487
174692
174786
175032
175192
175548
175563
175581
175943
176198
176328
176839
176979
178266
178433
178504
178672
178801
178832
178995
179140
179215
179326
179425
179489
179670
179732
180468
180489
180667
181108
181679
181754
182208
182243
182334
182961
183402
183887
183958
184005
184570
184669
184773
185020
185521
185660
185807
185990
185991
186242
186358
186375
186410
186450
186897
186900
186984
187028
187325
187808
187840
187903
188794
189245
189307
189600
189721
189994
190396
190866
191052
191339
191424
191757
191880
192373
192383
192600
192747
193217
193329
193430
193846
194025
194027
194131
194394
194485
194588
194592
195320
195685
195941
196160
196380
196488
196539
196948
196953
197321
197327
198542
198650
198737
198773
199045
199354
201480
201870
201951
201989
202201
202216
203116
203729
203859
204159
204374
204417
204418
204532
204647
204687
204833
205050
205115
205150
205349
205422
206022
206128
206361
206422
206545
206792
207394
207430
207637
207818
208695
209555
210176
210328
210597
210840
211364
211371
211527
212372
212429
212604
212814
213349
213399
213559
213784
213919
213974
214029
214146
214195
214242
214361
214425
214527
215954
216053
216090
216311
216370
216389
216643
216755
216793
216910
217323
217731
217785
218188
218507
218671
218785
218861
219096
219967
219979
220020
220237
220958
221156
221958
222025
222171
222820
222858
223016
223333
224207
224380
224453
224889
225181
225427
225790
226707
226732
226824
226871
227078
227148
227250
227371
227459
227525
227873
228086
228571
228603
228662
229224
229300
229355
229485
229487
229790
230726
232001
232179
232556
233017
233114
233261
233436
233611
233712
234133
234135
234166
234185
234320
234531
234640
234725
235226
235408
235442
235883
235890
236049
236842
237408
237559
237753
237842
238039
238124
238203
238228
238403
238460
238507
238942
238955
238958
239007
239014
240442
240524
240778
240970
241184
241219
241846
242028
242197
242237
242279
242462
242549
243575
243893
243984
244345
244577
244582
244721
244921
245317
245617
246093
246179
246341
246817
247050
247348
248043
248539
248874
248879
249308
249423
249491
249802
249838
249857
249888
250832
250957
251281
251285
251342
251447
251583
251673
252263
252644
252828
252880
253214
253360
253674
254147
254303
254481
254684
254701
254840
255299
255366
255705
256058
256327
256676
257274
257348
257483
257528
257725
258081
258144
258145
258332
258516
259360
259393
259765
260202
260541
260615
261117
261182
261284
261322
261388
261576
261753
262080
262465
262469
262714
263272
263482
263556
263556
263691
263705
263855
263941
264000
264141
264188
264281
264293
264498
264640
264715
264965
265162
265255
265464
265664
265917
266198
267369
267529
268425
268556
269001
269415
269953
270171
270309
270350
270562
270920
271478
271525
272009
272676
272735
272909
273390
273671
273963
274545
274629
274726
275720
275852
275944
276312
276618
276719
276775
277710
277786
277832
277863
277959
278130
278184
278218
278592
278768
279010
279028
280238
280386
280460
280503
280618
280718
280768
280785
281134
281382
281881
282162
282185
282217
282306
282689
282718
283206
283973
284115
284331
284542
284694
285131
285267
285435
285559
286964
287199
287614
287917
288029
288487
288994
289209
289375
289443
289450
289571
290076
291013
291725
291952
292063
292157
293635
293655
294097
294277
294297
294421
294921
294927
295123
295273
295747
296521
296627
296916
297485
298504
298761
298862
299041
299149
299245
299250
299890
299987
300386
300445
300601
300641
301043
301109
301132
301418
302078
302225
302228
302699
302817
302999
302999
303530
303885
304147
305146
305183
305497
306047
306134
307208
307856
307919
307994
308245
308438
308459
308800
308881
309004
309171
309180
309272
309367
309563
309620
309702
310245
310245
310372
310723
310880
311026
311087
311496
312285
312339
312711
312818
312884
313179
313401
313507
313833
314075
314093
314195
314456
314798
315170
315330
315363
315376
315515
315776
315919
316874
317031
317355
317657
317675
317677
317742
318005
318052
318240
318316
318322
318456
318475
318653
318847
319104
319780
320033
320123
320185
320390
320522
320722
321042
321120
321496
321633
321805
321927
322019
322165
322214
322288
322708
323125
323132
323163
323382
324136
324440
324482
324488
324524
324742
324923
324929
325104
325129
325706
326096
326377
326560
326826
326832
326884
327081
327183
327389
327403
328209
328275
328408
328642
328678
328739
328829
328893
329122
329444
330069
330311
330485
330520
330587
331283
331583
331755
331858
333270
333352
333420
333626
333761
334064
334497
334520
334621
334719
335021
335250
335329
335586
335862
336163
336223
336291
336556
337156
337276
338281
338460
338505
338788
339001
339003
339574
339832
340306
340338
340473
340553
341107
341315
341611
341634
341979
342063
342320
342550
342635
342798
343036
343094
343427
343734
343909
343981
344426
344649
344949
345023
345425
345700
345833
345917
345964
345992
346157
346496
346519
347134
347570
347670
347861
348054
348295
348523
349589
349773
350035
350112
350379
350686
350760
350829
351643
351947
352507
352716
352916
353666
353723
353766
354583
354849
354913
355741
356034
356147
356234
356259
356735
357120
357610
357642
357889
358296
358586
358749
358871
358926
358949
359507
359617
359860
359873
359887
360368
360823
361439
361793
362074
362809
363034
363997
364128
364419
364521
365214
365361
366508
366515
366527
366663
366713
367472
367747
368179
368272
368601
368935
369000
369411
369594
369671
369712
370270
370342
370376
370521
370740
370862
371458
372256
372507
372676
372695
372786
372943
373149
373347
373382
373613
373643
373858
373936
373990
373993
374052
374223
374253
374517
374552
374767
374769
375234
375896
375991
376066
376140
376155
376165
376312
376342
376566
377163
378375
378441
378455
379013
379132
379297
379498
379755
379770
379951
380123
380391
380791
381836
381963
382041
382050
382505
382573
382600
382703
382829
382870
383346
383572
383667
384646
385055
385079
385121
385169
385185
385427
385589
385715
385769
385858
385870
386017
386337
386415
386736
386813
387058
387101
387370
387769
387814
387898
387903
388118
388232
388429
388735
389130
389216
389229
389303
389491
390108
390248
390327
390400
390669
390950
390952
391022
391117
391261
391583
392131
392252
392475
392599
392735
392872
392881
393467
393499
393578
393838
394861
395110
395413
395752
395936
396098
396109
396146
396473
396752
396966
397230
397306
397613
397695
397950
398083
398089
398123
398161
398201
398343
398874
398886
398971
398993
399190
399500
399637
400124
400361
400556
400657
400750
400858
400917
401028
401932
401998
403022
403468
404404
405125
405171
405334
406199
406460
406618
406884
407098
407321
408743
408771
408907
409339
409587
409704
409856
409953
410021
410544
410958
411063
411304
411371
411750
411884
412302
412855
413832
413840
413971
414076
414355
414578
414677
414769
414773
414875
414898
415210
415703
415767
415914
416028
416332
416717
417130
417142
417217
417331
417427
417564
417657
417687
417689
417713
418060
418911
419885
419951
420277
421165
421570
421781
421786
422204
422297
422433
422564
422791
423285
423673
423799
423949
423981
424035
424062
424268
424283
424437
424449
424525
424753
424868
425377
425566
425619
425631
425738
426475
426559
426585
426614
426749
426868
427589
427817
428028
428065
428552
428693
428989
429251
429602
430074
430145
430174
430688
430742
430790
430837
431038
431281
431754
431921
431940
432207
432408
432718
433265
433312
433496
433764
433834
434242
434599
434937
435697
435749
435789
436418
436617
436918
437148
437245
437309
438346
438512
438804
438981
438995
439219
439237
439298
439305
439547
439682
439914
440182
440619
440827
441188
441293
441507
441791
441799
441958
442071
442328
442347
442456
442515
442584
442635
442961
443808
444012
444047
444079
444301
444311
444358
444452
444613
444731
444732
445067
445343
445617
446034
446132
446316
446546
447098
447289
447331
447408
447441
448084
448572
448660
448871
449232
449365
449413
449695
449788
450662
451103
451543
451740
451824
452036
452280
452729
452773
452782
452815
452875
452941
453262
453474
453988
454133
454162
454452
454601
454623
454808
455147
455457
455772
455923
456072
456321
456606
456775
456797
457415
457431
457471
457572
457658
457761
458111
458134
458226
458317
458368
458621
458700
458859
459135
459420
459451
459730
460202
461288
461372
461383
461463
461625
461654
462571
462740
463119
463333
463404
463520
463660
463724
464326
464574
464743
464943
464952
465260
465268
465756
465824
465972
466049
466322
466374
466529
466652
466763
466942
467483
467654
467712
467749
468209
468356
468478
468578
468640
468661
469183
469784
469817
469892
470306
471576
471654
471896
471950
472018
472488
472869
473355
473406
474035
474796
474873
475033
475697
475747
475755
476189
476292
476870
477320
478133
478288
478429
478569
479101
479139
480173
480321
480553
481077
481378
481619
482073
482096
482111
482132
482298
482528
482535
482941
483345
483794
484054
484420
484613
484618
485994
486675
486997
487285
487910
487929
487960
488001
488080
488129
488543
488575
488745
488870
489618
489699
489877
490095
490260
490605
490760
491184
491228
491891
492016
492034
492193
492279
492555
492875
492993
493226
494027
494615
494618
495112
495874
496171
496512
496712
496900
497090
497262
497941
498242
498554
498807
499015
499164
499652
499889
499978
500005
500115
500558
501639
501992
502359
502400
502532
502956
503239
503968
504295
504540
504570
504682
504702
504813
504938
504977
505034
505056
505293
505399
505665
506660
507426
507755
507792
508633
508927
510009
510269
510471
510502
510866
511035
511522
512007
512548
512728
513015
513068
513223
513459
513760
513841
514212
514282
514896
514980
515271
515431
515525
516535
516682
517385
517995
518120
518329
519399
519711
519900
520277
520295
520427
520885
520992
521295
521488
522615
522718
522729
522963
523102
523218
523376
523612
523694
524134
524146
524340
524509
524524
524538
524656
524766
524891
525082
525162
525703
525750
525783
526265
526404
526492
526552
526624
527327
527451
527931
528660
528678
528690
528702
528894
529338
529432
529539
529610
529780
529883
529980
530234
530440
530756
531539
532063
532120
532952
532995
533919
533987
534177
534249
534495
534761
535038
535332
535493
536123
536553
536609
536855
536870
537471
537522
537904
537961
538092
538369
538538
538576
538866
538920
538967
538981
539142
539194
539358
539371
539863
540064
540476
540765
541122
541374
541586
541714
541807
541909
541998
542110
542828
543211
543230
543403
543957
544005
544020
544273
544357
544775
545082
545198
545256
545423
545557
545620
546205
547089
547190
548222
548261
548349
548404
548723
549350
549817
550250
550624
550725
550968
551262
551414
552118
552555
552587
552890
553394
553620
553710
554056
554075
554351
554520
554691
555199
555710
555941
555979
556325
556375
556400
556474
557401
557688
558281
558332
559018
559171
559765
560436
560441
560635
560757
560908
561234
561670
561734
561793
562031
562180
562347
562628
562882
563080
563554
563828
563853
564132
564610
564733
564992
565308
565422
565863
566022
566499
566531
567761
567872
568043
568469
568613
568802
569462
569837
570160
570293
570379
570428
570496
571100
571131
572469
572549
572654
572724
573409
573731
573978
574188
574261
574713
574744
574753
574957
575595
575835
575962
576063
576164
576523
576661
576708
576729
576856
577160
577176
577287
577524
577668
577988
578004
578181
578270
578557
578899
579232
579354
579500
579516
579582
579597
579692
579852
580090
582485
582736
582991
583111
584496
584956
585379
585651
585771
585933
586485
586515
586541
587178
587619
588170
588424
589438
590828
590865
591819
591982
592008
592716
592951
593033
593095
593604
593749
593796
594303
594352
594815
595511
595734
595930
596091
596489
596511
596752
596863
597130
597294
597630
598516
598568
598766
598914
599045
599381
600236
600410
600462
600991
601300
601362
601388
602156
602375
602497
602668
602798
602840
602879
603367
603417
603465
603674
603740
603839
603992
604293
604474
605115
605348
605572
605735
606704
606764
607037
607175
607224
607248
607778
608005
608226
608346
608508
608535
608750
608858
608958
609222
609645
609723
609740
609847
610182
610741
610860
611655
611816
612179
612369
612945
613457
613710
614011
614097
614125
614189
614493
614519
614541
614816
615621
615621
615710
616131
616203
616524
616690
616769
616774
616913
617036
617410
617546
617691
617951
618007
618223
618775
618865
619685
619723
619979
620227
620250
620392
620511
620613
620686
621523
621585
621686
622051
622075
622157
622250
622254
622271
622335
622479
622972
623071
623212
623446
624355
624792
624911
624926
624929
625181
625342
625699
625752
625769
625775
625798
626024
626170
626187
626339
627272
627327
627844
628540
628978
630038
630254
630299
630520
630677
630798
631137
631177
631438
631521
631741
631868
631891
632588
632960
633360
633715
633720
634048
634480
634500
634739
634749
634920
635260
635381
635780
636294
636419
636468
636477
636937
637291
637396
637791
637932
638296
638789
638803
639204
639460
639599
639688
639831
640169
640453
640688
640774
640954
641049
641568
641748
641864
642488
642635
642672
643145
643493
643624
643698
643700
644353
644472
645746
645820
645997
646024
646473
646944
647219
647492
647648
647714
647748
648493
649270
649547
649580
649771
649825
650162
650288
650330
650775
651209
651682
652284
652595
652736
653304
653508
653686
653690
653924
653990
654755
655036
655269
656341
656482
656963
656978
657767
657813
658380
658695
658711
658726
659009
659057
659697
660245
661163
661166
661411
661511
661598
662094
662313
662326
662853
663366
663394
663719
663749
664040
664345
664363
664399
664828
664875
665328
665379
665403
665515
665658
666037
667393
667437
668067
668609
668708
668735
668742
669142
670097
670293
670417
670546
670767
671070
671706
672020
672243
672330
672421
672731
672923
672932
673681
673695
674195
674440
674444
674655
674767
675320
675324
675372
675412
675479
675923
675988
676735
677864
678150
678450
678451
678613
678628
679313
679539
679584
679634
679770
680452
680617
680775
681081
681089
681630
681702
682105
682281
682568
682780
683140
683587
684427
684675
684871
685276
685362
685498
685647
685805
686380
686618
687024
687264
687521
688168
688200
688515
688640
688833
689304
689758
689814
690012
690031
690209
690224
690317
690476
690496
690516
690586
690706
691455
692284
692562
693402
693641
693888
694127
694530
694571
695197
695470
695470
695518
696410
696417
696591
696629
696790
697654
697753
697900
698029
698295
698577
698633
698816
699338
699339
699344
699669
699976
700529
700906
700968
701205
701324
701377
701978
702057
702079
702313
702399
702476
703033
703575
703792
703799
704225
704263
704427
704577
704706
704762
704842
705603
705611
706284
706461
706520
706672
706726
706762
706909
707138
707229
707451
707503
707911
707953
708180
708269
708390
708419
709298
709461
709642
710362
710370
710874
711080
711275
711802
711936
711969
712153
712164
712751
712830
712956
713476
713535
713698
713729
714303
714529
714550
715462
715483
715496
715503
715631
715877
716159
716495
716650
716668
716688
717097
717110
717302
717572
717603
717674
717887
718038
718296
718472
718557
718797
718977
719224
719368
719465
720099
720147
720335
720364
720527
720695
721193
721346
722070
722198
722744
722780
723596
723724
723883
724083
724159
724496
724665
724879
724996
725440
725503
725514
726512
726594
726840
726992
727080
727546
727725
727759
727832
728209
728941
729871
730163
730460
730737
730972
731493
731653
732031
732190
732382
732411
732686
732794
733027
733095
733219
733376
734592
734903
735315
735439
735748
735943
736207
736223
736273
736359
736439
736677
737091
737352
737361
737589
737800
737877
737926
738368
738496
738940
739213
739890
739921
739954
740083
740329
740691
741730
741860
742141
742439
742575
742968
743023
743373
743466
743796
743977
744063
744521
744653
744901
745024
745172
745215
745604
745663
745807
746029
746071
746163
746642
747027
747075
747140
747350
747695
747763
747998
748239
748381
749020
749359
749657
749956
750018
750644
750771
750798
750930
751101
751432
752270
752435
752660
753375
754169
754406
755003
755360
755426
755460
755514
755607
755644
755820
756232
756246
756569
757215
757250
757411
757557
757815
758495
759124
759294
759588
759664
760260
760871
761442
761443
761753
761800
762101
762292
762522
762932
763726
763928
763928
764071
764077
764118
764585
764790
764834
765034
765399
765671
765872
765888
765999
766736
766752
766809
767093
767210
767686
767744
767802
767863
768292
768309
768381
768393
768807
768827
769093
769145
769926
770235
770276
770454
771557
772162
772277
772505
772638
773044
773278
773290
773334
773907
773933
773992
774079
774396
774647
774975
775171
775682
775925
776180
776309
776440
776610
776887
777035
777245
778168
778273
778293
778482
778595
778857
778866
779132
779461
779912
780046
780208
780796
781156
781358
781791
781925
782032
782044
782083
782180
782499
782625
782663
782679
783126
783578
783744
783957
784017
784345
784392
784424
784476
784477
785624
785880
785969
786146
786315
786343
787254
787550
787622
787657
788208
789315
789491
790114
790307
790750
790770
790843
790864
791060
791091
791225
791229
791639
791652
791845
791869
792009
792119
792925
792970
793235
793395
793617
793699
793992
794627
794800
794812
794918
794940
795584
795775
795828
795840
795941
796209
796402
796416
797145
797183
798211
798437
798694
799109
799172
799251
799623
799677
799767
799917
800154
800280
801588
801696
801783
802005
802262
802481
802598
802657
803544
803643
803753
804297
804538
804595
805139
805630
805793
805818
805991
806144
807814
807974
808148
808164
808639
809039
809147
809758
810354
810408
810620
810690
810778
810819
810999
811128
811245
811762
812001
812213
812707
812894
813098
813229
813299
814476
814588
814599
814884
814945
815379
816059
816256
816270
816271
816329
816605
816882
816972
817205
817442
818204
818424
818501
818503
818710
818950
818957
819085
819299
819849
819874
820141
820206
820999
821477
821701
821841
821891
822215
822267
822274
822538
822731
823007
823151
823465
823697
823900
823973
824974
825874
826234
826754
826902
826931
826989
827057
827066
827446
827533
828029
828089
828458
828677
829048
829966
830035
830153
830327
830489
830491
830493
830743
830761
830956
831070
831358
831972
832425
833133
833489
833816
833905
834036
834107
834110
834115
834274
834895
834919
835045
835066
835466
836215
836355
836483
836539
836789
836813
836885
836972
837028
837185
837384
837575
838044
838170
838563
838698
839196
839534
839685
840202
840341
840793
840874
840901
841068
841072
841097
841435
841597
841609
842256
842436
842635
842659
842860
842916
843346
843369
843437
843594
843870
844086
844155
844450
844464
844737
844738
844948
845360
845546
845706
845714
846035
846109
846257
846293
847251
847358
847562
847628
847848
848001
848068
849104
849122
849175
849821
850001
850358
850432
850437
850514
850583
850603
850771
850874
851743
851976
852058
853298
853892
854260
854263
854283
854542
854862
855186
855233
855308
855425
855576
856038
856137
856627
856797
857281
857331
857505
857564
858033
858103
858122
858392
858590
859421
860241
860298
860302
860370
861195
861357
861395
861587
861859
862024
862310
862568
863465
863510
863765
864035
864056
864272
864517
865231
865393
865406
865587
865734
865776
866142
866303
867304
867417
867560
867640
868054
868171
868210
868530
868638
868702
868877
868965
869378
869523
869689
870019
870351
870802
871247
871258
871422
871537
871564
871576
871928
872190
872204
872399
872756
872778
872975
873044
873056
873315
873338
873511
873673
874606
874663
874750
874772
874772
874960
874999
875588
875662
875733
875798
876313
876601
876635
876667
876693
876827
876845
877152
877791
878088
878202
878261
878679
878886
879404
879960
880119
880385
880712
881022
881091
881340
881545
882365
882429
882651
882932
883290
883318
883497
883527
883623
883691
884053
884059
884172
885057
885484
885743
886175
886190
886380
886760
887710
887827
887866
887936
888509
888812
888845
889121
889832
889997
890065
890274
890426
890536
891009
891047
891125
891683
891854
891937
892079
892448
892468
892499
892565
892580
892690
893024
893097
893378
893545
895292
895396
895704
895875
896039
896079
896150
896342
896665
896937
897016
897164
897223
897818
898016
898027
898061
898082
898682
898907
899107
899187
899695
899991
900095
900127
900253
900295
900613
900860
900863
900967
901035
901402
901413
901698
901874
901964
902077
902282
903033
903269
903297
903501
903595
904061
904175
904293
904913
905103
905426
905496
905803
906019
906539
906676
906782
906795
906848
907132
907288
907331
907473
907843
907946
908932
909360
909473
909532
909574
909774
910187
910287
910955
910985
911265
911581
911592
911775
911913
912035
912204
912244
912260
912827
913267
913558
913641
914198
914334
914571
914612
914695
914742
915002
915294
915418
915556
915639
915775
916118
916328
916463
916485
916505
916538
916808
916902
917035
917077
918183
918377
918539
918635
918850
919605
919868
920993
921017
921061
921175
921709
921903
922714
922765
922804
922815
922820
922855
922856
922924
923147
923372
924203
924322
924648
925447
925669
925825
925917
926203
926210
926460
926644
926712
926725
927091
927216
927732
927826
927827
927850
928106
928253
928266
928662
929017
929320
929489
929700
929707
930645
930780
930822
932088
934261
934346
934471
934911
935069
935691
935755
935769
936069
936229
936657
937758
937789
938630
939056
939395
940005
940712
940797
941147
941395
941400
941410
941557
941907
942089
942177
942527
943334
944080
944300
944345
944611
945382
945583
945657
946028
946721
946781
947250
947400
947539
948180
948418
948479
948522
948697
948718
948781
949031
949047
949087
949261
949983
950215
951124
951197
951484
951818
951884
951950
952110
952223
952281
952304
952318
953155
953240
953851
953899
954003
954632
955079
955348
955439
955542
955696
955917
956144
956289
956319
957221
957389
957569
957751
957764
958292
959219
959269
959384
960160
960174
960564
960900
961341
961542
961565
961802
961960
962003
962458
962462
962749
962779
962954
963336
963358
963927
964786
964852
965231
965627
966183
966190
966220
966274
966397
966510
966543
966655
966882
967491
967606
967860
968157
968167
968497
968813
968893
969701
969830
969888
970297
970715
970745
971119
971180
971423
971521
971886
972085
972100
972907
973017
973174
973323
973348
973375
974423
974749
974986
975539
975988
976622
977085
977135
977666
977723
977799
977970
978102
978152
978782
978852
979212
979517
979754
980425
980706
980727
980764
980929
981231
981316
981952
982186
982281
983061
983462
983506
983783
984360
984437
984927
985106
985537
985901
986008
986933
987184
988087
988324
988438
988594
988785
988808
989696
989870
989896
989897
989909
989950
990010
990093
990616
990668
990675
990689
991042
991258
991297
991386
991501
991559
992099
992175
992265
992424
993006
993126
993294
993302
993380
993955
993996
994569
994953
995007
995052
995077
995129
995489
996202
996262
996475
997384
997517
997569
997927
998327
998638
998683
999224
999656
999926
