415
639
962
1486
2832
3250
4078
4143
5130
5424
5599
6506
8614
9977
10384
10463
10508
11197
11389
16475
17073
17626
18468
18470
20556
23781
24632
25105
26937
27064
28958
30144
30577
30747
33159
35050
35580
37387
37817
38024
39060
40483
42146
42571
42958
44263
46197
48285
52509
52873
55688
55962
56283
56814
57458
57675
59076
59872
60335
60805
60888
61197
61776
62176
62534
63717
64241
64424
64921
65642
65982
66210
66947
68249
74201
75255
75612
75801
75974
76264
76686
77491
77874
79175
82529
87098
90595
92409
93107
93333
93409
93675
95653
96293
96371
97088
97348
97718
98212
98577
98931
99295
99333
100846
103662
103819
104010
106554
109125
111001
111131
114555
114587
115166
119599
119606
119625
119761
121005
121738
122587
123548
123602
124073
124573
124623
125273
126392
126459
126571
127420
128099
128834
129016
129684
130161
132329
132743
133932
135545
135733
136117
137068
137113
137796
138676
140111
141908
144426
144453
145419
145656
147809
147848
148281
148368
149053
151120
152541
152789
157600
158669
159137
160908
161955
162249
162598
165678
166065
166980
167216
168276
169304
170881
172487
172779
173780
173841
175618
176221
177089
177474
179171
179233
180586
181930
183486
186565
187855
189296
189345
190699
191045
191142
192909
193721
194181
194275
196408
198765
200490
201786
202908
203223
204054
205409
206430
206705
206819
206939
207229
211164
211361
211833
213180
213983
216096
216891
217895
217962
217969
221315
221692
222094
222953
223338
224458
226415
227181
228244
228563
229945
230155
232316
232510
233550
234284
235828
236600
236651
238122
238277
238396
239151
240895
241471
241517
243933
244596
244770
245147
246309
247593
248040
249455
249586
250054
251447
252488
252989
253109
253697
254975
255267
259865
260160
261597
263485
265092
265915
266159
266643
266886
266890
267647
268987
269923
270564
271087
271966
272604
272945
274112
274869
276240
278968
280998
281395
281954
282524
282978
283118
283344
283508
283605
288213
288579
289694
290148
292011
292089
293362
293504
294429
298034
298343
299472
304370
306566
306702
306759
307618
309386
309682
310021
310687
311666
312121
312440
314121
314884
315216
315249
315668
316296
319394
319739
320019
321756
323611
323612
325168
325341
325597
326576
327147
327558
328637
328668
329960
331059
331164
331813
332304
333556
333605
335049
335669
336800
337391
337467
337688
338727
339443
340346
340996
341657
341851
343446
344228
344339
345731
346100
346748
347204
347714
347851
349354
351897
352004
352117
352779
353971
354313
355361
356264
357737
357950
358208
360192
362655
364911
365075
365997
366648
368953
370673
370846
371785
372711
373223
373346
373505
374724
374900
375270
376271
376515
376516
376830
377991
379184
380756
381479
382381
383546
384074
384325
384490
386935
387822
388094
388527
389076
390854
391219
392217
393822
399639
399826
400602
400692
404091
405233
405279
405552
405815
406196
406234
406375
407885
408967
409836
409929
411143
412042
415241
415706
416541
419647
420620
421746
422029
425877
426894
428983
429477
429637
429989
431429
431626
432128
434388
434698
434787
434902
435278
435956
438084
441961
441972
442087
442324
444717
446112
446592
446686
446726
446749
446838
447916
450423
450565
452859
453996
456543
456729
457257
458718
459562
462454
464489
465429
467696
468999
470457
470803
471009
471337
471658
471775
471894
471962
472146
472192
473195
473866
474660
474893
475031
475579
477442
477448
477927
478335
479390
480428
481190
482836
489460
490973
491237
494366
495983
496794
498099
499059
500209
502074
502776
503768
504462
508085
509433
509553
509682
512017
512146
513585
514136
514272
514711
515606
515960
516249
516696
517540
520302
524554
524987
525322
525602
526903
529029
529281
530309
533903
536230
537664
538344
539370
539567
539572
540706
542112
543139
543942
548108
548832
549362
550107
550243
552700
553597
553782
554348
555379
555646
556030
560012
561187
562012
562727
563002
564095
564578
564831
565402
565711
566404
567283
567379
570853
571750
572524
574720
575053
577118
577333
578129
579102
580580
582906
584380
584915
585193
585322
585743
585907
586382
586937
587308
587675
589679
590538
590921
591051
591642
591860
592106
592556
595013
595119
596195
596244
598998
599464
605074
605479
605734
606297
609159
609493
609727
614227
616088
619670
619735
622976
623112
624171
625486
626923
627614
631766
631775
631811
632935
633010
633514
633559
634782
635211
637837
639801
639956
641493
642889
645532
647225
649081
649163
650206
650986
651119
651332
652383
652537
655568
657544
658097
658635
659021
659975
660076
662093
663241
663801
669169
669366
670274
671826
674351
674379
675038
675567
675862
676407
677405
679554
679579
679992
680030
680233
682003
683471
683875
684350
685701
685872
685883
686256
686968
687346
689212
690063
690589
691687
694249
696287
696304
696918
697631
697803
698430
699891
700492
701107
701274
703295
703501
704086
704810
706228
708495
710586
711264
711326
711495
712192
712305
712450
714386
715023
715993
716365
719523
720009
720997
721508
721594
723243
724129
724617
725290
725375
725839
727108
727628
727643
728694
729696
729927
731770
732008
733089
733110
734075
734091
734689
734782
735129
735459
737568
738008
738491
738819
740849
742006
742290
743186
743414
745593
746251
747424
748022
748499
750388
753858
755131
755562
755863
755999
756484
761917
764978
765318
767895
768409
770204
772808
774568
774592
775749
775907
776287
776801
776871
778087
778219
778385
779586
780912
782898
783435
783719
784180
785150
785788
786064
786883
787062
787858
788728
789857
790429
791275
792299
793971
794715
794942
795356
795914
796200
796466
797816
798328
799693
799804
800810
802875
804131
805125
805414
806827
808507
810983
811207
812548
812778
812836
815260
815293
816046
817008
820239
820889
821433
821827
822777
823549
824569
825308
825655
828382
829598
830675
833012
833416
834149
835053
836243
837925
838384
839341
839643
841364
844329
844784
844946
846459
847107
847671
848102
848419
848536
849305
852629
853040
853115
854347
854452
857509
858973
859514
859778
860067
860238
860946
861594
862529
866481
866587
867505
869435
870839
873570
874439
875082
875221
876174
880395
880423
881351
882928
883221
883437
885534
885545
887557
887727
888129
888928
889423
889712
892376
893020
893057
893206
894023
894284
894733
894745
896314
899374
900708
901702
903499
906328
907866
909322
910165
911442
912031
913401
914515
916172
916369
916534
919206
919743
920126
921763
922431
923998
925571
926204
926232
929775
931150
932254
932550
933359
934174
934712
936534
936609
937150
937167
937265
937485
939166
940593
941243
941860
942804
945365
945903
949459
950299
950916
952104
952297
955253
957945
958405
962382
963354
964785
964789
967287
968270
969842
969991
970237
970268
970808
972931
973035
973796
973932
973981
973999
974104
974655
975964
977262
980299
982638
987260
988953
990772
992066
993024
995711
996762
997965
998039
998898
999363
