366347
223494
427741
508812
966002
531702
791329
410633
961449
228111
915424
789540
333899
863072
37745
660694
499816
779957
195435
306219
435913
664718
724019
451075
326965
401834
295378
890550
758316
549792
15139
478689
823602
855689
776665
946571
773080
491240
151825
235157
989095
111410
587973
899504
142601
412098
576106
669444
358269
594743
756884
436433
95629
33408
639234
777062
239787
483852
720517
620802
587678
374301
317715
822889
514414
74052
345906
212799
109205
548771
613237
154615
481431
480255
940926
777631
254841
753667
562283
813866
491496
196648
806532
413747
416939
592450
31200
402018
354213
283150
131109
183012
216742
129222
722516
907750
758708
198162
277696
574886
536442
317585
68275
453356
195491
547150
764882
586633
265401
698839
936185
166850
117869
266603
492146
251577
123840
514061
324341
636896
331214
12868
10419
697464
177251
624602
470330
657595
848353
775427
888662
66935
904833
885514
50473
220159
699362
984122
477228
882153
935218
866460
395000
958499
434051
629874
618797
685618
812785
64623
894944
505774
305418
168420
107662
39196
407825
4153
26516
468906
372356
226599
948152
213392
833852
866680
668762
978119
9881
380725
712961
148902
985334
547425
640272
18517
565190
526573
552184
522477
59130
281441
630729
735
147797
610505
653822
999125
672911
234514
953068
277701
792055
741277
206546
2681
443845
703259
792043
564529
480330
952055
165506
586788
140834
818932
874967
468585
765116
132164
371953
238305
773573
899501
740419
586752
978365
898113
827471
695183
231723
844509
30690
876923
266320
423416
173586
110838
337479
217240
483754
260762
938132
496749
677540
147052
424801
908742
550542
664751
866537
327970
275019
827430
808606
528231
813310
956569
928875
871535
470595
233451
757193
914401
630864
483819
726743
686835
146689
375142
831182
412176
686441
172154
72543
605000
581810
818397
702252
809436
364020
389808
981229
721683
228883
900988
814959
78253
128841
35583
155514
485367
54408
619290
504913
315153
337919
557323
202838
900726
489270
517747
436593
524948
156330
857887
72353
116564
291954
163124
474088
142674
505057
295677
450239
917872
874955
35562
348042
438146
216167
236733
101597
891524
895175
918474
732081
197683
821105
865441
397230
285160
159066
119318
592007
327521
647896
210872
513575
828763
143318
103264
921041
273449
153014
595792
44073
38486
681874
371805
224394
401199
663724
965373
10260
772241
620032
668323
366446
732127
956661
802630
510858
56595
486447
842660
643817
678702
348431
587630
497146
454498
483784
956711
197614
674349
224024
7483
412899
493369
348827
463084
128125
842174
178805
374162
687163
923084
882808
538837
925253
97090
199884
957187
318164
823385
202747
906353
77963
325895
562619
188180
36618
830253
14583
723353
976031
539815
368066
944355
786733
763
458872
374102
467365
144061
897128
367947
513175
85958
329842
243828
684190
718911
207203
928624
492291
231287
718577
808387
1375
956864
647105
685914
695856
374107
381116
621207
240180
650395
216036
958677
925644
857815
382253
29539
480705
874835
942404
858640
707080
32116
815805
702050
96332
760912
708246
395057
180278
858967
652147
299789
873419
501486
195060
107488
476732
793736
13781
872551
329559
487004
876813
433757
319941
461091
429728
812681
593649
714216
235912
270107
838263
895163
869522
448338
461086
862666
627912
430587
828258
363514
607589
608261
487344
683512
470761
962697
956820
44428
218783
740057
233221
595184
684333
526332
640375
77075
255881
414053
25050
630425
556064
293048
589411
754068
409790
294734
843139
129247
458440
72682
256645
875939
203274
911810
201722
822324
94151
624365
677094
537083
518966
812923
133719
199356
194657
358948
438329
862686
512450
930052
643564
306942
847980
889878
769207
466168
711197
241626
241398
370491
881482
139559
985341
646690
350133
62382
421902
884691
975418
958223
779619
596229
244621
543007
201055
67084
433042
462341
96017
135776
751642
211583
74090
819267
783056
549614
575023
750180
619948
638876
7939
590253
640169
297570
808922
941157
779980
559496
331446
786530
499559
202792
895250
168022
374317
30959
636617
623330
391014
467821
26678
895649
579454
462685
54217
561671
568536
792755
105620
519204
19679
596954
516955
725666
661186
378582
621836
185179
823827
773873
873580
944659
960954
99270
281324
778260
625714
62355
967134
314712
773433
49659
124769
593559
58997
89170
40670
423963
7078
926166
123838
463735
547280
648074
83695
636396
426839
947360
493601
360553
440212
421072
982639
78562
247936
271410
209361
740387
796388
393828
588614
223762
995568
117462
466166
153221
363812
797253
65753
218238
806329
47960
69296
884669
558716
657322
133413
343905
597126
118952
993998
650543
493510
285124
65511
262140
777359
855405
602752
613502
354648
289201
560293
933181
430165
258562
258353
241323
681192
942187
843799
355643
138495
302380
321084
776311
344847
983792
620313
520702
881810
626070
768264
335384
282261
192160
733081
225473
679171
379770
924459
910367
280359
305622
648580
640104
904519
430396
40622
788028
365503
126891
127610
773129
449908
384685
710460
159383
597248
891718
696494
229607
162483
136472
362294
937794
317487
234047
781679
906574
230981
895227
314710
55415
155760
329694
621001
520349
447542
902891
134266
757484
341502
50589
314903
110214
520599
296030
283544
664029
124026
211607
630896
913005
864644
820347
297828
618480
351013
242023
424525
253152
542634
354585
978692
592757
506286
863610
790144
342683
286834
450843
342774
168334
757661
607438
304761
135735
773868
348348
314015
362829
815649
251372
978243
632106
579765
167696
397652
821645
653786
510324
773172
274366
490778
242623
824249
644191
391386
561286
807608
333072
95755
796305
902028
364219
889484
235164
604070
424611
835852
419236
565805
853802
860755
957461
997993
556200
937360
55717
360794
170498
544197
769822
568954
342582
903434
455977
349576
617210
245348
14490
707943
288947
490493
300964
680498
534289
292829
513693
683972
284599
345100
456836
805795
593414
211983
325998
323277
701918
727060
66185
587714
612759
166401
411655
164428
745135
994568
433016
780913
163005
968114
788979
202600
943453
777138
908528
629435
483714
207228
13784
586304
933048
12138
234719
566511
479588
301785
63908
879850
922489
270679
52837
255503
816168
518636
960862
754825
486084
48661
533730
460244
384482
266103
710632
223873
579714
948746
337110
483068
654183
209206
395662
780048
923666
929043
356765
158816
684710
8252
500053
55032
146995
44285
958753
643079
813995
731547
800013
859488
337968
355279
669611
482987
294260
243031
401579
718845
895089
932417
521604
708803
394421
115604
757651
267773
823266
129014
512047
934610
738637
870930
746366
116656
869634
550273
883741
706380
900545
596500
142844
53325
143569
393643
183538
585696
522687
240732
66336
693336
115426
86357
306076
707410
480690
136898
234807
942082
138534
395937
979718
799521
861708
556645
108981
882014
888972
439434
401719
903562
776666
343908
257889
948246
367665
267199
979654
283751
275842
929976
527940
505844
359326
946957
386140
263226
887302
280516
847550
192058
492783
323960
383887
975605
547745
575319
749367
636798
297206
883022
128096
270189
945259
671549
942113
424616
898790
388191
903256
259053
543545
651292
514076
411494
252396
225856
501348
244345
807123
4166
600298
759709
52707
627063
698506
14037
397069
245791
595464
304051
719419
194830
537157
744435
356783
22887
244544
112696
100992
412227
370673
997725
557365
5786
193218
355982
791507
57015
877564
552819
922083
119148
830100
846409
205145
698627
502252
57806
199499
911641
502809
863108
802836
703257
29445
742277
304765
115391
439909
124088
115590
422852
249149
677801
498630
695965
960754
19518
459056
493789
919354
324847
923683
943680
805265
469350
483837
421005
483410
354416
267370
407005
665674
18543
956088
873377
249144
982686
571307
718856
252260
33184
412931
366118
986731
306924
456428
616553
475122
110777
587219
255991
152367
380973
283502
706216
574001
67985
746178
225090
194755
18576
18531
772399
278199
119115
338463
679012
651461
562830
822592
683726
328617
108608
594151
735156
992145
110043
635624
195311
943946
910836
972213
726969
415715
926285
273706
198766
63043
360470
599982
399891
58436
44896
809359
220540
445522
326710
99168
224803
320012
283262
254397
219408
962589
794662
442929
504742
264681
167105
814859
983864
660161
67130
738548
200673
304360
500602
237556
680218
426287
450113
80234
652096
620858
570584
17765
352161
344912
35291
866585
618277
34199
223119
487594
422598
68018
442771
227248
315871
274078
300753
54564
498513
788156
637386
453293
378725
861492
178679
109916
29656
643424
181819
575851
915648
57563
388141
376201
621838
636906
539840
487530
91920
586597
565319
713664
55602
402602
292929
251148
910325
90406
214017
654966
311060
399896
383576
490326
117491
520918
20394
187758
149683
368573
748534
6442
411312
928118
708054
554669
53806
126436
955306
16509
375245
350339
671753
90201
574649
41537
705146
656492
815247
763947
878018
364093
389629
761063
315861
644596
425151
299439
770949
150675
619740
28910
547691
249058
956249
180992
171496
993729
207779
673965
385546
954979
316864
96491
408480
386419
408219
101141
640889
474716
277705
955080
169653
835788
689483
867187
486533
996381
708769
239236
811061
331382
599424
173307
287654
814960
523581
408442
113016
987505
394775
356621
342276
740602
756560
61444
720926
878664
485359
712495
394531
928589
449270
814160
759297
337711
993845
229775
33965
25542
271360
100252
357162
236231
981813
70959
344166
776368
51966
351397
73238
16696
142930
879326
414010
486505
647353
264289
459075
495920
14008
245068
574797
983975
820579
111408
248496
709349
4723
912448
476552
975787
58967
302575
911589
315714
796783
560020
366791
943225
505166
654336
561554
331579
913324
235932
185011
970539
427573
74205
452669
215313
509309
780356
336203
151583
905910
616786
557664
570023
683721
817073
256660
468922
657727
118819
962784
984972
864329
146236
135365
289950
181618
870177
68822
785022
65797
620353
404234
874533
642931
27840
836397
707626
71937
835513
860510
538733
177753
729884
563775
776898
842871
219894
534568
369116
540941
116510
935487
894302
697885
351576
666432
632199
274003
715154
330058
915489
74772
587698
404270
273555
818587
896693
625099
232801
916418
336982
88163
151108
251374
359803
988062
132988
985442
557666
232416
897151
566146
850468
390931
449669
657647
312865
569698
553624
678819
573703
837134
280047
995073
465401
770292
375170
581223
4499
538951
785448
149446
844129
699739
444514
319394
55036
533709
345168
396770
463789
328149
994686
722184
805188
477039
583207
353887
630420
654473
582625
55950
253345
601472
37377
177749
14361
259003
508695
31109
794608
78669
490354
798204
22878
347390
126639
836352
383352
273551
232176
485070
54439
399462
938513
126276
587222
628617
773732
300282
466677
786116
619114
138234
989569
166741
780778
235891
340064
967578
364458
364180
647373
850701
247992
88689
369338
136293
208807
453280
561679
287762
182624
372262
464701
417745
204812
271084
367567
517553
317250
817228
894829
992480
611271
291038
700711
871548
621179
260451
53727
752611
483059
744099
947529
142421
630026
974027
183443
356091
307741
202269
335984
551559
863008
734791
634702
792033
583414
521792
574043
253007
847461
185159
497459
820359
482299
321823
492842
362138
520141
286068
683422
899058
994623
424334
401576
747326
24819
912794
792581
462338
197317
931046
111161
72889
175710
894442
345747
662942
542055
863168
833677
831610
106268
47876
215166
941930
307185
539720
414648
355089
872873
6884
335216
39187
608061
120221
605165
40231
32943
897341
25225
307948
610321
987536
330909
280132
467013
159167
506444
446624
840633
896637
165087
837661
964289
65857
445207
11204
739457
65094
462313
650004
341231
742364
604297
321518
850326
631043
860475
302464
112686
732107
934570
624638
290211
154439
107619
659789
985102
413901
688847
628706
395472
87353
420863
393316
691358
819585
390123
770466
687941
389121
834402
392207
936732
653119
736112
829771
555672
712093
243603
297061
475557
561945
772162
754372
292873
833797
102250
644183
588077
961385
914578
808239
393571
261268
979951
358791
477038
962863
656375
406722
243521
183352
436745
585443
353560
206724
37498
251813
604911
196748
921941
93964
231800
650441
211536
630810
538377
481565
654222
749151
701957
612984
690971
991640
656868
352200
690036
782550
201127
626138
102976
158144
855892
359289
637318
854567
551572
893539
537813
798600
914671
368537
721562
145212
785895
408232
821842
10751
612735
292182
161290
961743
528690
29510
297194
136639
256497
398907
59924
601507
454167
69819
940124
170519
760326
377951
271126
458244
589309
192530
900072
373123
676655
583214
944601
610138
482070
671331
791482
955576
819662
133140
709429
377911
504161
312037
320391
946227
377044
792158
701925
591216
807949
587599
77834
603688
654419
809445
895087
551640
707002
787090
582079
989355
846897
140826
436639
930568
499807
229441
901743
562698
482332
729557
952720
90210
6198
842728
441809
912594
430806
771797
24237
566069
336023
659775
724572
987994
624860
142540
292914
699123
659580
30855
247557
441195
885022
407786
904085
656010
999352
604280
750429
947005
495134
98741
243231
325493
312583
375653
472931
611084
422047
173820
173325
829491
384207
356567
235887
830732
324181
844231
230000
636952
299676
663531
427285
221413
743500
188940
481559
518853
517220
77901
225492
472306
125432
234770
10896
832601
809056
377606
641614
244132
561261
427441
226312
874134
591090
991439
213045
472585
397516
669316
458294
285978
410639
776708
430229
690598
106907
349639
549277
759562
611704
971010
228669
232773
65323
43054
393405
520066
447324
618928
128215
435214
129422
802168
633350
332075
158546
24420
851659
194077
159362
219961
971194
14334
789539
29685
504671
496099
881185
687811
800430
701875
758383
171289
649110
784392
733392
524907
116082
343800
453070
14331
851729
272790
592249
904864
910014
