999989
999787
999672
999595
999223
999145
999088
999044
998931
998851
998600
998532
998443
998369
998336
998171
998050
997844
997608
997503
997468
997409
997263
997214
997195
997181
997132
997082
996935
996765
996745
996627
996443
996439
996406
996278
996027
995925
995888
995791
995616
995528
995255
995204
994432
994236
994234
993704
993596
993517
993405
993338
993301
993282
993259
993256
993175
993135
993086
993007
992910
992853
992633
992442
992319
992281
992268
992158
992155
992079
992057
991969
991827
991774
991679
991531
991365
991294
991167
990933
990890
990886
990855
990794
990726
990507
990460
990441
990391
990304
990238
990113
990058
989955
989564
989514
989436
989394
989367
989273
989251
989219
989212
988864
988728
988641
988420
988348
988302
988290
988083
987899
987896
987742
987592
987487
987187
987181
987064
987007
986840
986664
986630
986385
986337
986258
986190
986078
986057
985965
985934
985682
985460
985383
985347
985285
985271
985136
984630
984607
984591
984515
984440
984253
984227
984214
984174
984172
984085
984026
983942
983938
983804
983597
983463
983404
983389
983039
983031
982996
982853
982695
982659
982626
982472
982145
982025
982021
981975
981959
981936
981824
981796
981447
981289
981252
981143
981069
981050
981019
980936
980935
980885
980658
980557
980092
979972
979764
979645
979376
979247
979106
978907
978729
978490
978459
978450
978401
978380
978375
978293
978176
978146
978099
977800
977709
977688
977680
977456
977278
977149
976834
976628
976578
976560
976413
976299
976211
976179
976115
976071
975915
975661
975382
975360
975289
975094
975049
974848
974643
974403
974329
974267
974167
973954
973871
973326
973025
972780
972764
972712
972349
972285
972253
972178
972114
972042
972030
971982
971923
971866
971766
971749
971473
971404
971075
971057
970640
970555
970349
970262
970100
970037
969943
969901
969897
969644
969624
969442
969415
968853
968718
968693
968623
968380
968290
968177
968102
968070
967936
967789
967587
967507
967488
967446
967445
967428
967387
967337
967179
966815
966809
966800
966755
966277
966182
966007
965960
965929
965336
965123
965015
964918
964684
964587
964519
964298
964179
964153
964033
963844
963589
963528
963452
963385
963369
963349
963185
963112
962964
962750
962526
962524
962376
962330
962320
962220
962156
962084
962005
961607
961572
961530
961364
961087
961000
960917
960880
960858
960764
960747
960621
960387
960369
960195
959904
959740
959529
959514
959496
959482
959070
959030
958967
958628
958552
958269
958249
958123
957782
957746
957587
957560
957377
957352
957269
957250
957098
957095
957074
957022
956789
956290
956276
956255
956221
956216
955732
955516
955435
955368
955272
955033
954929
954845
954752
954656
954605
954488
954472
954452
954434
954354
954288
954258
954165
954033
954018
953850
953670
953565
953459
953239
953178
953011
952916
952778
952729
952661
952591
952434
952395
952318
952295
952235
952183
951939
951900
951724
951664
951550
951364
951079
950985
950723
950644
950594
950510
950188
949928
949858
949675
949286
948983
948819
948817
948662
948635
948571
948517
948468
948385
948358
948134
948070
947802
947691
947530
947453
947423
947255
947013
946892
946851
946815
946639
946559
946548
946399
946386
946366
946156
946141
945964
945923
945874
945531
945338
945274
944869
944747
944718
944573
944467
944383
943796
943788
943703
943647
943626
943560
943382
943336
943038
942529
942067
941443
941299
941287
941206
941165
941152
941057
940896
940891
940684
940638
940587
940575
940247
940161
940136
940114
940088
939987
939926
939728
939721
939589
939404
939144
939095
939041
938973
938684
938500
938497
938403
938151
937811
937631
937608
937572
937501
937408
937111
937047
937037
937006
936975
936948
936921
936802
936455
936208
936106
936080
935832
935821
935331
935215
934969
934893
934870
934625
934378
934337
934149
934104
934057
933978
933973
933753
933689
933137
932735
932679
932418
932323
932273
931963
931832
931826
931695
931450
931278
931154
931143
931091
930904
930515
930476
930424
930403
930302
930190
930116
930099
930007
929993
929975
929778
929611
929350
929337
929282
929257
928972
928826
928790
928692
928345
928275
928193
928181
927969
927740
927596
927472
927321
927048
927027
926999
926991
926788
926676
926651
926375
926285
926193
926141
926085
926076
925938
925825
925715
925681
925462
925437
925386
925116
925049
924926
924858
924791
924519
924396
924376
924158
924130
924010
923977
923867
923694
923269
923122
922647
922585
922414
922193
921979
921943
921894
921869
921823
921400
921252
921241
921076
920869
920752
920610
920548
920466
920410
920400
920194
920163
919863
919834
919592
919551
919297
919078
919023
918948
918861
918612
918512
918501
918420
917861
917824
917808
917747
917689
917516
917434
917381
917260
917149
917084
916649
916530
916265
916194
916166
916109
916092
916080
915928
915870
915806
915461
915253
915184
915129
914993
914991
914939
914875
914849
914734
914251
914206
914086
914046
913996
913933
913816
913655
913605
913486
913195
913147
913093
912584
912394
912288
911893
911411
911396
911293
911271
911175
911128
911019
910977
910869
910862
910851
910170
910104
910103
909899
909875
909793
909645
909601
909595
909346
909341
909291
909260
909160
909127
908800
908747
908663
908658
908645
908189
907776
907729
907714
907689
907614
907610
907545
907199
906888
906752
906678
906673
906662
906658
906049
905556
905512
905316
905070
905032
904856
904650
904471
904418
904300
904222
904126
903733
903709
903687
903655
903363
903317
903197
902638
902249
901834
901710
901698
900955
900816
900445
900281
900248
900179
900135
900096
899790
899646
899573
899454
899453
899354
899306
899196
899027
898942
898622
898442
898135
897903
897815
897628
897542
897495
897402
897381
897222
897150
897135
896993
896729
896590
896588
896439
896202
896179
896175
896166
895986
895881
895856
895448
895423
895345
895075
895047
895044
894812
894784
894754
894736
894519
894495
894235
894209
894031
893945
893872
893730
893704
893658
893570
893564
893390
893350
893100
893087
893077
892757
892549
892476
892421
892216
892206
892108
892074
892028
891789
891552
891177
890909
890856
890483
890421
890403
890247
890229
890150
890132
890015
890012
889856
889789
889642
889197
888975
888122
887975
887733
887720
887673
887601
887539
887003
886701
886684
886388
886325
886321
886111
886101
886065
885728
885608
885399
885244
885201
885186
885175
885023
884912
884906
884737
884654
884563
884313
883906
883886
883725
883420
883233
883215
882795
882775
882743
882697
882630
882584
882406
882335
881979
881891
881740
881714
881664
881598
881403
881132
881073
881013
880897
880800
880484
880250
880177
880004
879981
879963
879947
879820
879617
879608
879497
879400
879368
879357
879341
879299
879230
879115
878974
878940
878758
878128
878099
878064
878031
877967
877947
877737
877637
877600
877547
877362
877357
877290
877239
876861
876823
876811
876496
876390
876227
876051
875668
875655
875491
875225
874839
874624
874502
874474
874272
874268
874223
874222
874032
874019
873880
873679
873467
873465
873450
873421
873407
873297
872969
872934
872830
872720
872624
872573
872211
872072
871770
871757
871279
871269
871242
871069
870841
870831
870782
870761
870720
870525
870503
870429
870392
870363
870325
870294
870116
869930
869387
869240
868990
868860
868804
868478
868281
868135
868102
867961
867961
867938
867914
867822
867789
867632
867285
867269
867237
867172
866995
866965
866896
866667
866455
866396
866375
866062
866036
866013
865613
865414
865286
865218
865218
864997
864964
864945
864819
864665
864626
864579
864578
864386
864370
864323
864255
864052
864042
863036
862877
862832
862753
862387
862287
862275
862039
861934
861869
861849
861803
861729
861670
861538
861197
860856
860483
860395
860342
860179
860105
860027
859852
859820
859712
859596
859546
859528
859457
859454
859428
859174
859067
859008
858866
858814
858701
858375
858284
858226
858145
858003
857954
857856
857588
857567
857529
857359
857287
857191
857084
856842
856710
856497
856346
856221
856084
855662
855364
855249
855160
854862
854771
854737
854727
854665
854531
854473
854422
854389
854232
854140
853869
853777
853653
853635
853595
853563
853517
853500
853354
853290
853162
853117
853084
852995
852788
852487
852146
852099
852082
851882
851850
851367
851366
851344
850936
850840
850631
850421
850411
850071
850022
849871
849772
849766
849483
849451
849095
849011
848916
848783
848063
848001
847913
847769
847704
847681
847515
847456
847445
847371
847050
846961
846914
846846
846841
846794
846720
846704
846629
846541
846207
845695
845577
845027
844882
844759
844658
844658
844506
844486
844462
844222
844144
844120
844118
844045
843975
843833
843793
843703
843607
843440
843433
843397
843266
843262
843223
843121
843036
842708
842484
842456
842437
842209
842090
841956
841896
841826
841821
841496
841271
841177
841111
841073
841042
841019
841007
840752
840189
840143
840045
840045
840042
840017
840005
839888
839215
838483
838319
838211
837939
837882
837777
837776
837695
837683
837664
837431
837397
837361
837340
837306
837210
836933
836560
836536
836124
836006
835982
835943
835337
835058
834985
834958
834791
834644
834560
834559
834011
834006
833744
833469
833341
833250
833237
833164
833004
832940
832830
832792
832787
832667
832602
832166
832014
831874
831269
831232
831144
831137
830575
830418
830298
830253
830142
830137
830118
830070
829890
829847
829742
829695
829330
829164
829113
829095
829019
828990
828950
828884
828882
828677
828285
828070
827900
827788
827780
827573
827536
827341
827226
827206
827154
827015
826899
826638
826419
826368
826325
826056
825991
825944
825885
825845
825678
825030
824832
824743
824487
824241
824152
824030
823882
823527
823468
823442
823432
823273
823253
823154
822970
822894
822663
822618
822478
822388
822373
822313
822199
822097
821980
821909
821880
821839
821542
821504
821291
821274
821232
821222
821115
821107
820783
820774
820661
820640
820353
820199
820196
820151
820117
820040
819793
819738
819464
819283
818906
818844
818697
818623
818599
818595
818534
818106
817866
817844
817712
817690
817560
817510
817312
817186
816941
816628
816599
816596
816589
816287
815722
815663
815534
815524
815511
815388
815223
815116
815052
814899
814790
814719
814536
814507
814336
814255
814154
814122
814092
814078
814010
813999
813718
813632
813553
813537
813388
813161
813142
813139
813016
812766
812483
812464
812455
812364
812150
812083
812065
812047
811988
811986
811978
811898
811527
811346
811249
811217
811154
810728
810631
810111
809606
809487
809478
809457
809021
808978
808854
808555
808507
808404
808391
808243
808227
808159
808157
807960
807778
807685
807655
807491
807438
807421
807294
807290
806716
806684
806641
806628
806625
806382
806348
806105
805860
805812
805674
805598
805585
805437
805432
805348
805328
805235
805109
804967
804964
804815
804339
804282
803864
803615
803584
803568
803505
803494
803169
803106
803058
802772
802640
802309
802130
801935
801840
801731
801602
801351
801237
801223
801074
800943
800559
800293
800233
800097
799924
799894
799668
799559
799513
799409
799377
799338
799307
799232
799090
799053
798817
798809
798664
798661
798634
798620
798569
798440
798384
798218
797987
797814
797701
797562
797435
797393
797101
796944
796840
796669
796310
796226
796166
795955
795929
795853
795736
795410
795303
795259
795154
795040
795031
794923
794889
794765
794723
794659
794583
794091
794075
794035
794003
793812
793781
793737
793697
793513
793293
792868
792751
792709
792567
791844
791469
791425
791258
791182
791151
790931
790781
790773
790768
790591
790523
790417
790409
790067
789893
789856
789843
789400
789196
789148
789056
789004
788900
788837
788837
788607
788501
788133
788117
787786
787366
787265
786468
786466
785944
785487
785302
785169
784952
784946
784560
784529
784507
784336
784221
784164
784127
784043
783942
783911
783909
783696
783507
783146
783085
783015
783013
782954
782688
782629
782614
782376
782354
781914
781863
781830
781813
781803
781712
781609
781405
781221
780950
780885
780880
780856
780559
780545
780348
780221
780004
779937
779849
779645
779529
779495
779156
778869
778839
778681
778634
778572
778225
778158
777839
777652
777605
777593
777423
777356
777334
777276
777255
777192
777132
777059
776795
776712
776145
776094
776040
775875
775666
775570
775539
775232
774847
774846
774827
774571
774448
774305
774142
774105
773703
773666
773592
773534
773329
773255
773187
773112
772590
772295
772254
772240
772195
772161
772093
772061
771821
771759
771702
771254
771230
771125
770341
770308
770266
770234
769982
769859
769670
769627
769578
769179
769112
768971
768938
768589
768236
767846
767835
767800
767277
767215
767052
766902
766858
766415
766157
765924
765921
765913
765819
765794
765657
765655
765627
765576
765342
765334
765332
764861
764726
764722
764651
764434
764400
764327
764006
763852
763611
763595
763317
763282
763243
763082
762757
762567
762412
762066
762027
762017
761880
761848
761643
761549
761498
761464
761355
761340
761289
761166
761159
761036
760972
760681
760640
760588
760586
760515
760431
760342
760223
760102
760091
760039
759883
759861
759790
759658
759350
759103
759038
758969
758705
758621
758387
758361
758287
758183
758122
758044
758026
757851
757576
756917
756508
756394
756393
756341
756200
756197
756180
756117
756092
755945
755638
755597
755527
755487
755355
755246
754820
754814
754768
754498
754237
754184
754026
753538
753444
753263
753200
753131
753009
752847
752631
752522
752502
752463
752446
752251
752215
752184
752081
751644
751468
751351
751305
751285
751159
751002
750953
750881
750559
750525
750290
750203
750082
749993
749944
749875
749789
749773
749713
749687
749678
749594
749562
749508
749452
749383
749287
749211
749062
749061
749053
748790
748738
748702
748659
748530
748515
748424
748206
748031
747873
747868
747794
747448
747334
747232
747130
747081
747009
746990
746799
746687
746623
746424
746375
746233
746136
746129
746114
745917
745881
745667
745627
745549
745257
744984
744888
744788
744496
744305
744072
743975
743942
743858
743788
743058
743002
742755
742666
742651
742558
742482
741944
741901
741823
741730
741691
741591
741548
741413
741409
741278
741252
740878
740789
740786
740315
739942
739936
739766
739691
739625
739619
739512
739429
739308
739164
739075
738739
738685
738613
738610
738277
737650
737634
737485
737369
737272
737192
737079
736716
736712
736559
736525
736464
736060
736023
735990
735934
735909
735862
735754
735550
735543
735480
735425
735317
735284
734926
734926
734412
734406
734392
734211
733939
733834
733761
733642
733490
733138
733131
733092
733036
732877
732868
732865
732570
732568
732501
732003
731908
731697
731334
730868
730806
730712
730647
730466
730373
730349
730300
729948
729931
729826
729760
729652
729547
729414
729237
729193
729044
728976
728974
728934
728921
728589
728499
728241
728217
728174
728093
728038
727940
727939
727868
727840
727599
727560
727268
727162
727067
726945
726853
726785
726618
726531
726356
726225
726146
726042
725966
725927
725874
725470
725282
725235
725166
724905
724874
724839
724682
724434
724255
724144
724034
723935
723894
723834
723832
723624
723447
723328
723271
723159
723144
722955
722855
722815
722796
722791
722489
722458
722427
722387
722364
722130
722060
721981
721978
721939
721894
721842
721507
721365
720925
720819
720811
720656
720475
719544
719327
718979
718702
718637
718360
718275
718273
718232
718225
718107
717898
717812
717774
717772
717741
717716
717685
717547
717545
717339
717291
717247
717182
717174
717160
716809
716642
716537
716372
716321
716227
715796
715758
715600
715548
715484
715067
714895
714881
714839
714826
714507
714369
714323
714279
714059
714048
713959
713813
713744
713675
713582
713409
713409
713318
713222
713179
713095
713060
712921
712711
712491
712412
712398
712345
712171
712078
712029
711984
711940
711874
711820
711600
711577
711491
711476
711375
711322
711306
711142
711049
710756
710700
710465
710436
710321
710212
710209
709898
709895
709763
709738
709571
709502
709271
709167
709139
708836
708673
708545
708540
708511
708427
708373
708283
708277
708062
707729
707463
707279
707023
706965
706959
706732
706433
706200
706157
705940
705501
705375
705100
705019
704966
704696
703896
703762
703473
703437
703432
703359
703280
703166
702760
702736
702470
702452
702352
701870
701420
701376
701318
701041
701017
700909
700902
700691
700464
700329
700280
700275
699881
699826
699734
699720
699688
699598
699532
699339
699262
699256
699210
698823
698759
698136
697968
697916
697310
697251
697130
697124
697097
697046
696938
696721
696716
696303
696084
695844
695799
695727
695702
695309
695003
694928
694805
694754
694713
694678
694584
694493
694461
694409
694388
694323
694281
694250
694236
694231
694162
693812
693771
693726
693593
693498
693431
693091
693088
693042
693023
692881
692379
692158
692114
691972
691639
691446
691289
691007
690998
690737
690722
690708
690502
689915
689902
689786
689717
689660
689581
689456
689439
689360
689242
689211
689008
688986
688917
688535
688494
688104
687939
687907
687883
687745
687697
687697
687681
687638
687256
687096
686983
686830
686555
686415
686344
686206
686030
685995
685857
685814
685800
685725
685718
685679
685646
685552
685530
685298
685238
685195
685179
685007
684992
684943
684916
684891
684764
684478
684469
684386
684353
683982
683699
683632
683597
683414
683229
683132
682936
682925
682542
682424
682352
682129
681904
681765
681747
681717
681602
681550
681521
681338
680684
680392
680047
680027
679995
679847
679686
679551
679427
679351
679334
679196
679114
678981
678752
678746
678685
678443
678376
678359
678340
677888
677863
677783
677773
677728
677726
677614
677501
677426
677329
677284
677170
676866
676458
676217
675985
675903
675819
675814
675750
675660
675530
675482
675257
674912
674768
674534
674517
674449
674247
674159
674124
674041
673979
673941
673816
673707
673629
673548
673451
673325
673198
672735
672732
672698
672652
672483
672419
672202
672187
672093
671899
671762
671474
671321
671203
671110
671078
670975
670940
670759
670501
670425
669975
669615
669573
669560
669549
669521
669518
669457
669360
669228
669217
669211
669094
669044
668907
668882
668825
668560
668469
668379
667996
667978
667970
667890
667761
667613
667498
667413
667323
667288
667285
666989
666951
666803
666640
666430
666219
666219
666159
666063
665925
665923
665802
665727
665659
665545
665163
665121
665106
665053
664987
664916
664867
664793
664609
664270
664057
663969
663791
663716
663540
663530
663478
663269
663234
663200
663100
663045
663018
662835
662545
662453
662386
662341
662330
662029
660986
660886
660869
660709
660645
660516
660508
660389
660326
660038
660004
659898
659855
659853
659843
659593
659496
658995
658972
658746
658737
658587
658515
658154
658149
658007
657985
657920
657761
657693
657672
657549
657420
657386
657385
657055
657030
657001
656912
656806
656697
656693
656627
656549
656497
655961
655918
655879
655797
655722
655584
655543
655308
655226
655033
654948
654477
654359
653741
653592
653509
653446
653400
653250
653243
653089
653070
652973
652957
652909
652815
652710
652672
652638
652628
652340
652155
652127
651995
651948
651873
651557
651531
651484
651272
651123
651079
651061
650976
650922
650899
650661
650582
650031
649964
649892
649645
649629
649616
649598
649434
649390
649233
649137
648960
648824
648750
648566
648564
648448
648383
648323
648322
648274
648237
648189
647945
647908
647818
647745
647703
647665
647561
647291
647119
646982
646952
646821
646603
646437
646178
646097
646043
646000
645740
645604
645529
645527
645449
645165
645158
645122
644705
644495
644411
644366
643995
643989
643450
643347
643215
643178
643155
643150
643140
643016
642722
642721
642438
642407
642399
642355
642348
642312
642223
642073
641904
641755
641514
641354
641267
641018
640971
640913
640883
640610
640291
640097
639963
639875
639863
639799
639725
639722
639579
639521
638798
638696
638649
638433
638280
638222
637945
637722
637636
637590
637581
637568
637360
637301
637281
637241
637235
637020
636997
636908
636753
636681
636646
636297
636233
636161
636147
636132
636122
636006
635581
635384
635311
635304
635285
635249
635215
635196
634969
634365
633927
633832
633471
633420
633412
633043
632858
632637
632476
632452
632447
632345
632304
632299
632117
631978
631747
631746
631673
631641
631637
631491
631474
631464
631445
631439
631420
631122
631068
630825
630699
630651
630529
630490
630449
630186
630068
630013
629940
629914
629879
629780
629711
629693
629605
629600
629600
629428
628987
628752
628499
628414
628314
628276
628192
628107
628005
627970
627897
627696
627534
627525
627492
627066
626967
626773
626633
626606
626449
626107
625743
625436
625387
625271
625267
625042
625012
624964
624787
624522
624434
624392
624371
623769
623765
623756
623677
623432
623429
623192
623116
622608
622519
622359
622344
622315
621982
621851
621815
621761
621588
621557
621357
621297
621094
620917
620905
620864
620700
620666
620661
620447
620412
620371
620305
620231
620009
619791
619656
619604
619441
619404
619364
619314
619170
619136
619109
618976
618417
618384
618204
618131
617989
617981
617910
617772
617742
617505
617297
617222
617179
617066
617050
616937
616459
616240
616238
616140
615659
615318
615310
615240
615121
614855
614596
614385
614331
614324
614114
613729
613723
613680
613562
613464
613414
613358
613304
613119
613058
612519
612446
612269
612233
612223
612174
612128
612004
611686
611569
611503
611456
611317
611266
611163
611107
611094
610943
610596
610428
610418
610331
610033
610022
610017
609987
609922
609730
609556
609469
609451
609433
609426
609376
609266
609068
609049
608862
608799
608657
608590
608213
608015
608014
607985
607900
607877
607814
607800
607791
607718
607524
607505
607407
607402
606941
606817
606592
606568
606553
606491
606484
606359
606202
606198
606048
605939
605931
605911
605873
605859
605597
605442
605369
605314
605105
605101
605005
604859
604759
604684
604656
604653
604646
604463
604423
604164
604089
603936
603824
603656
603513
603135
603049
602872
602705
602620
602433
602267
602202
602133
602130
601971
601806
601349
600966
600759
600486
600415
600366
600357
599972
599691
599524
599494
599354
598465
598377
598224
597344
596929
596489
596479
596385
596319
596059
595800
595769
595677
595669
595668
595504
594939
594835
594816
594602
594530
594379
594114
594074
593904
593779
593651
593470
593439
593291
593265
593241
593112
592939
592884
592611
592423
592220
591977
591964
591931
591930
591765
591601
591587
591582
591288
591240
591150
590997
590922
590623
590360
590219
590118
589977
589943
589740
589524
589096
588949
588560
588543
588146
588000
587994
587842
587736
587526
587472
587454
587402
587148
587122
586833
586692
586658
586622
585893
585801
585776
585651
585544
585358
585195
585185
585052
584880
584844
584835
584810
584571
584366
584352
584217
583936
583927
583888
583855
583822
583799
583661
583609
583429
583319
583264
583110
583104
583075
582937
582893
582888
582802
582588
582496
582384
582084
582078
581967
581899
581871
581865
581670
581546
581543
581233
581145
580886
580796
580701
580562
580454
579789
578537
578474
578055
578020
577929
577724
577609
577590
577125
577112
577086
576910
576618
576586
576545
576518
576220
576125
576116
575895
575783
575751
575745
575602
575225
575136
574910
574854
574845
574502
574461
574348
574274
574254
574178
574122
573978
573919
573821
573621
573592
573525
573140
573081
572971
572935
572928
572790
572769
572588
572419
572334
572254
572123
572111
572051
571856
571742
571577
571357
571345
571333
571217
571215
570970
570862
570735
570654
570491
570429
570368
570028
570023
569996
569368
569334
569205
569152
569087
569018
568851
568775
568631
568606
568403
568250
568221
568158
567735
567460
567415
566947
566917
566806
566754
566503
566403
566033
565985
565921
565855
565613
565567
565167
565104
564775
564771
564604
564578
564434
564417
564378
564352
564335
564305
563826
563790
563556
563536
563504
563503
563327
563203
563170
563155
562979
562951
562870
562771
562749
562736
562704
562634
562118
562040
561887
561883
561637
561600
561568
561213
561194
561046
560989
560970
560968
560927
560851
560813
560799
560778
560535
560524
560454
560210
560200
560195
560188
560167
560016
559794
559728
559448
559420
559329
559210
559160
558862
558721
558719
558665
558618
558462
558400
558202
558107
557821
557671
557634
557587
557551
557523
557440
557324
557324
557209
557197
557162
556838
556604
556507
556406
556378
556123
556073
556013
555934
555872
555656
555557
555535
555454
555202
555000
554900
554688
554592
554583
554493
554227
554055
554027
553927
553842
553822
553768
553662
553653
553542
553441
553352
553297
553065
553001
552868
552621
552546
552440
552365
552308
551626
551520
551503
551361
551263
551197
551144
551138
551087
551077
550993
550940
550784
550701
550637
550632
550590
550521
550410
550225
550196
550154
549700
549628
549369
548995
548959
548879
548669
548539
548513
548498
548219
548044
547844
547793
547637
547605
547384
547272
547076
546813
546773
546420
546395
546348
546254
546090
546089
545967
545823
545745
545615
545593
545587
545309
545153
545000
544885
544562
544509
544206
543864
543675
543632
543613
543515
543347
543204
543185
542671
542537
542502
542342
542277
542263
542059
541974
541962
541729
541676
541576
541548
541186
541001
540888
540787
540662
540625
540580
540456
539980
539940
539913
539845
539767
539711
539591
539411
539409
539323
539144
538891
538800
538493
538250
538057
537986
537962
537931
537807
537778
537594
537448
537374
537283
537247
536998
536993
536958
536811
536587
536575
536513
536505
536333
536215
536125
535975
535676
535496
535148
535069
534866
534733
534718
534715
534270
534194
533925
533455
533395
533380
533305
533261
532877
532728
532714
532433
532213
532147
532101
532099
532096
532049
531679
531551
531542
531405
531368
531351
531124
530918
530839
530814
530526
530426
530313
530283
530114
529930
529733
529723
529326
529288
529138
529134
528884
528771
528696
528687
528589
528580
528574
528502
528381
528240
528105
528066
528017
527561
527271
527087
527051
527023
526948
526834
526785
526757
526551
526491
526419
526307
526188
526039
525821
525745
525726
525429
525398
525384
525286
524923
524793
524641
524426
524397
524365
524195
523509
523373
523181
523122
522972
522702
522681
522051
521961
521825
521298
521269
521243
521005
520946
520912
520861
520797
520770
520740
520689
520680
520359
520358
520300
520120
520113
519973
519897
519675
519662
519569
519565
519423
519407
519400
519389
519272
519239
519143
519118
519099
519029
518533
518375
518170
518160
518108
518107
518035
517802
517794
517546
517529
517250
517059
517015
516950
516885
516685
516668
516629
516536
516528
516443
516257
516195
516079
515408
515126
515030
514891
514878
514787
514766
514744
514739
514733
514730
514633
514628
514424
514249
513977
513956
513912
513884
513674
513653
513652
513607
513340
513311
512943
512909
512734
512623
512580
512159
512158
512144
511971
511710
511704
511283
511266
511124
511088
511031
511005
510972
510530
510441
510388
510270
510234
510052
509856
509819
509794
509604
509024
508824
508760
508743
508521
508500
508418
508394
508375
508354
508265
508115
508005
507662
507013
506930
506793
506718
506470
506259
506179
505676
505415
504870
504843
504553
504413
504375
504178
504177
504133
504104
503911
503909
503699
503562
503267
503262
503244
503107
503019
502922
502822
502659
502554
502230
502224
502157
502057
501502
501405
501310
501303
501100
500860
500670
500615
500525
500327
500296
500222
500199
500047
500042
499968
499793
499780
499714
499696
499189
499184
499144
498726
498632
498565
498379
498317
498247
498244
498206
498089
498050
497933
497906
497836
497737
497700
497640
497546
497509
497435
497430
497398
497262
497138
496947
496944
496722
496625
496567
496369
496369
496236
496038
495973
495882
495877
495821
495785
495729
495523
495516
495453
495294
495163
495157
495102
494931
494913
494827
494796
494740
494652
494563
494404
494116
494036
493731
493667
493496
493482
493445
493396
493356
493281
493277
493238
493132
492791
492693
492662
492199
492123
492059
492053
491970
491916
491914
491866
491761
491652
491414
491037
490976
490871
490869
490859
490844
490680
490496
490324
490114
489963
489961
489819
489657
489565
489534
489344
489276
489174
489170
488984
488817
488743
488573
488357
488215
488078
488072
488041
487995
487926
487403
487362
487309
486758
486404
486210
485928
485854
485830
485585
485494
485485
485351
485203
485142
485095
484981
484945
484791
484771
484663
484380
484108
483987
483927
483897
483883
483848
483787
483741
483726
483648
483187
483109
483002
482822
482746
482696
482548
482547
482400
482277
481964
481923
481777
481695
481660
481638
481568
481415
481240
481056
480945
480931
480870
480851
480824
480625
480359
479985
479952
479914
479718
479714
479603
479146
479031
478840
478809
478732
478633
478497
478345
478340
478336
478229
478161
477869
477595
477464
477205
477133
477037
477037
477001
476988
476939
476555
476473
476383
476352
476290
476273
476108
476004
475979
475853
475786
475435
475353
475308
475184
475034
474391
474266
473821
473752
473472
473385
473273
473172
473121
472907
472881
472594
472499
472349
472214
472183
471896
471881
471403
471348
471313
471131
470836
470757
470343
469619
469551
469543
469532
469473
469354
469335
469251
469212
469165
469067
469049
469028
469004
468959
468750
468734
468590
468530
468507
468482
468279
468202
467767
467709
467703
467697
467550
467538
467280
467268
467224
467197
467180
466957
466718
466695
466655
466597
466458
466444
466353
466208
465785
465664
465543
465471
465440
465220
465119
464888
464483
464407
464315
464282
464261
464223
464025
463914
463833
463594
463415
463308
463050
462747
462708
462506
462399
462386
462383
462332
462303
462204
462088
462064
462060
461910
461789
461531
461488
461470
461441
461432
461429
461386
461310
461298
461237
461116
461102
461035
461030
460787
460645
460609
460488
460329
460266
460152
460111
460069
459915
459838
459584
459566
459409
459378
459306
459282
459253
458965
458935
458887
458525
458452
458377
458243
458145
458034
457772
457686
457661
457407
457378
457301
457267
457236
457093
457085
456910
456754
456653
456603
456358
456071
456062
456053
455872
455862
455712
455683
455490
455440
455395
455163
455007
454986
454967
454903
454780
454632
454549
454481
454385
454294
454181
454174
454095
453945
453913
453872
453807
453737
453612
453557
453471
453350
453070
453016
452902
452827
452751
452559
452551
452367
452185
452179
452174
452148
451928
451539
451534
451467
451450
451240
451138
451035
450958
450943
450693
450129
450051
449968
449899
449856
449767
449674
449610
449516
449308
449121
449018
448613
448589
447999
447711
447694
447582
447460
447199
447036
446965
446791
446732
446562
446484
446440
446206
446109
446092
445867
445595
445559
445557
445465
445437
445230
445151
445057
444790
444760
444635
444613
444502
444164
444145
444108
444098
443830
443725
443700
443539
443436
443274
443259
443157
443149
443136
443016
442784
442580
442365
442266
441964
441958
441927
441812
441527
441318
441305
441260
441255
441223
441115
441064
441053
441025
440866
440595
440478
440478
440451
440353
440175
440137
440029
439827
439398
439371
439261
439229
439227
439217
439149
438868
438807
438746
438681
438628
438588
438470
438416
438356
438264
438156
437967
437957
437865
437774
437727
437707
437696
437663
437207
436960
436951
436607
436395
436354
436331
436229
435993
435712
435580
435484
435300
435077
434970
434928
434565
434563
434421
434415
434038
433995
433809
433678
433402
433372
433254
433189
433167
433093
433061
432683
432658
432538
432392
432346
432337
432273
432268
432264
432199
432196
432178
431998
431583
431488
431433
431421
431383
431296
431028
430716
430484
430110
429950
429918
429842
429840
429690
429535
429420
429367
429247
428976
428780
428761
428546
428485
428307
428255
428188
427979
427709
427593
427342
427320
427298
427263
427256
427236
427129
426991
426973
426920
426726
426717
426714
426677
426607
426380
426327
426201
426186
425937
425846
425753
425643
425594
425477
425423
425348
425242
425142
425087
424722
424716
424702
424477
424387
424385
424198
423835
423795
423263
423224
422672
422632
422456
422406
422385
422137
421934
421933
421811
421614
421602
421578
421571
421487
421476
421416
421236
421177
421139
420970
420938
420908
420891
420800
420777
420688
420504
420471
420329
420299
420293
420105
419396
419365
419137
419109
418971
418914
418914
418659
418581
418343
417921
417697
417574
417441
417374
417041
416923
416852
416651
416439
416410
416195
416133
416025
415958
415760
415708
415533
415483
415283
414861
414824
414819
414715
414248
413995
413945
413771
413735
413731
413690
413633
413356
413307
413304
413294
413147
413119
413101
413087
413053
412813
412599
412580
412572
412326
412270
412109
411987
411939
411708
411600
411586
411187
411106
410970
410772
410596
410568
410435
410431
410429
410296
410289
410286
410230
410230
409964
409894
409873
409831
409678
409641
409558
409466
409106
409080
409040
408942
408933
408918
408843
408770
408540
408268
408234
408201
408187
408182
408008
407966
407876
407513
407437
407434
407223
407119
406899
406811
406675
406254
406239
405824
405772
405754
405661
405610
405429
405176
405136
404806
404662
404601
404420
404395
404382
404276
403972
403737
403647
403571
403312
403296
403294
403106
402326
402251
402077
401850
401843
401765
401731
401618
401586
401403
401397
401318
401286
401237
401004
400994
400789
400518
400476
400460
400427
400415
400407
400181
400131
400054
400005
399764
399560
399489
399389
399122
398973
398868
398731
398550
398435
398298
398234
398226
398137
398104
398095
398040
397918
397914
397763
397535
397470
397374
397331
397282
396916
396516
396491
396379
396367
396279
396260
396255
396105
395846
395788
395285
395244
395241
395069
394976
394946
394761
394607
394474
394438
393802
393653
393544
393207
393102
392884
392860
392836
392794
392716
392636
392364
392352
392065
391914
391771
391645
391638
391439
391364
391348
391090
390818
390812
390707
390645
390469
390393
390200
390059
389838
389836
389759
389714
389603
389593
389388
389267
389133
389133
389107
389103
389078
388656
388516
388506
388440
388393
388310
388067
387797
387607
387530
387236
387124
387101
386875
386832
386775
386630
386431
386339
386133
386098
386048
386000
385810
385183
385164
384959
384678
384642
384422
384371
383952
383910
383608
383371
383193
383127
382762
382668
382596
382571
382433
382299
382085
381809
381714
381706
381667
381617
381482
381310
381049
380849
380708
380544
380498
380262
380248
380231
380056
380050
379934
379848
379714
379694
379693
379623
379459
379416
379338
379335
379323
379316
379246
379213
379139
378866
378622
378561
377933
377844
377697
377415
377123
376642
376491
376480
376466
376416
376175
376074
376023
375951
375873
375853
375817
375814
375624
375500
375192
375191
374871
374771
374679
374523
374494
374432
374308
374246
374178
374165
374139
374036
373881
373797
373531
373391
373361
373144
372981
372412
372296
371928
371873
371668
371450
371384
371371
371355
371088
370947
370934
370851
370794
370731
370674
370491
370275
370230
370108
370044
369864
369793
369715
369697
369349
369195
369188
368711
368630
368543
368499
368043
367913
367660
367472
367357
367180
367155
366836
366753
366659
366565
366390
366121
365919
365779
365706
365599
365199
364878
364550
364502
364410
364335
364308
364242
363904
363795
363777
363469
363447
363371
363344
363335
363160
363097
363097
363033
362833
362424
362387
362337
362235
362222
361985
361914
361895
361745
361742
361611
361561
361332
361292
361205
361010
360937
360642
360068
359996
359549
359530
359523
359514
359472
359429
359333
359188
359102
359078
358713
358603
358582
358517
358487
358346
358265
358095
357847
357842
357810
357583
357384
357360
357346
357285
357191
357105
357093
356941
356857
356836
356805
356613
356561
356431
356145
356140
356027
356011
355987
355868
355642
355605
355429
355429
355027
354767
354694
354692
354418
354417
354341
354299
353826
353730
353585
353422
353227
353223
352819
352815
352560
352472
352438
352182
352081
351968
351918
351578
351526
351435
351392
351148
350791
350757
350749
350724
350682
350541
350271
349983
349758
349647
349633
349465
349348
349108
349029
349006
348941
348742
348734
348651
348578
348443
348356
348317
348292
348165
348097
348043
347971
347938
347932
347915
347828
347491
347382
347236
347216
347078
347058
346962
346919
346826
346754
346683
346621
346537
346414
346295
346189
346129
345823
345658
345590
345497
345359
345213
345186
344976
344905
344852
344618
344494
344269
344030
343901
343886
343817
343751
343726
343681
343577
343492
343473
343438
343394
343194
342944
342820
342740
342686
342645
342607
342188
342158
342100
342004
341794
341674
341503
341478
341468
341465
341440
341348
340885
340863
340812
340738
340650
340374
340265
340230
340142
340103
340093
339963
339169
339109
339039
338908
338621
338323
338209
338165
338104
337847
337787
337604
337390
337355
337335
337322
337064
336840
336619
336364
336038
335900
335879
335829
335646
335481
335462
334968
334640
334625
334301
334288
334227
334088
334015
333971
333937
333866
333683
333391
333283
333278
333265
333251
333113
333057
332890
332865
332603
332492
332441
332427
332426
332390
332341
332289
332272
332163
332120
332100
331679
331645
331584
331558
331557
331463
331319
331188
331022
330921
330693
330685
330359
330310
330246
330240
330217
330117
330058
330040
329840
329836
329410
329400
329261
329253
329177
328955
328873
328852
328706
328647
328605
328434
328361
328333
328095
327914
327721
327637
327533
327347
327078
327051
326729
326650
326585
326468
326260
326223
326182
325933
325921
325919
325837
325698
325569
325568
325502
325399
325182
325126
325031
325026
325013
324509
324490
324257
324152
324131
323836
323619
323519
323388
323288
322960
322949
322680
322658
322626
322622
322436
322377
322296
322294
322218
322084
321901
321664
321541
321401
321265
321251
321228
320752
320530
320456
320400
320369
320303
320266
320182
319902
319785
319702
319634
319568
319469
319397
319139
319120
319086
318835
318791
318786
318770
318625
318211
318128
318059
317901
317859
317802
317786
317535
317524
317264
316860
316780
316714
316526
316406
316224
316129
316101
316095
315915
315733
315577
315319
315279
315250
315168
315101
314921
314886
314762
314596
314515
314395
314221
313865
313838
313703
313332
313291
313051
312799
312542
312360
312243
312171
311902
311888
311793
311731
311627
311481
311437
311424
311282
311209
311130
311054
310996
310946
310943
310888
310805
310788
310722
310596
310456
310037
309836
309800
309466
309427
309284
309235
309102
309064
309024
308952
308902
308868
308861
308726
308636
308551
308370
308272
308268
308167
308166
308118
308077
308059
307983
307769
307762
307639
307577
307558
307507
307358
307292
306970
306921
306880
306858
306726
306638
306429
306364
306131
306122
306085
305929
305361
305224
305066
305054
304820
304664
304660
304332
304303
304262
304045
303935
303887
303876
303763
303732
303477
303336
303267
303243
303214
303102
302835
302564
302287
302027
301917
301812
301572
301498
301451
301042
301042
300992
300856
300602
300332
300279
300229
300198
300192
300080
299898
299844
299634
299535
299474
299270
299232
299205
299016
298974
298941
298841
298497
298341
298069
297849
297606
297543
297486
297477
297355
297299
297083
296883
296858
296775
296615
296584
296450
296445
296411
296272
295703
295658
295372
295369
295324
295277
295067
295024
294924
294771
294606
294602
294601
294441
294305
294077
293838
293827
293827
293777
293719
293715
293404
293363
293117
293109
293053
293042
293031
292952
292590
292437
292143
292095
291968
291734
291702
291699
291690
291645
291479
291414
291280
291252
291168
290982
290699
290691
290524
290481
290327
290260
290128
290039
289995
289971
289950
289671
289645
289359
289317
289270
289221
289206
289097
288984
288920
288795
288738
288655
288423
288368
288339
288290
288232
288183
288058
287939
287897
287835
287828
287739
287574
287529
287492
287341
287247
287189
286985
286795
286761
286700
286674
286664
286350
286072
286052
285913
285824
285729
285721
285678
285676
285506
285493
285455
285339
285305
285063
284900
284750
284620
284519
284216
283934
283585
283581
283509
283430
283201
283078
283073
283001
282806
282781
282402
282347
282157
282073
281672
281496
281449
281409
281338
281269
281180
280940
280818
280689
280618
280600
280511
280129
279907
279713
279565
279237
279198
279171
279161
279097
279091
279090
279007
278920
278866
278847
278655
278490
278373
278369
278350
278281
278061
277984
277979
277823
277674
277460
277394
277125
277052
276961
276921
276531
276227
275988
275982
275581
275460
275455
275248
275151
275132
274949
274776
274755
274697
274633
274460
274068
274028
273823
273781
273339
273200
273124
273107
273096
272949
272540
272088
272063
271928
271905
271472
271175
271167
270631
270627
270338
270052
269985
269646
269640
269611
269422
269421
269027
268982
268686
268662
268587
268525
268346
268108
268017
267811
267805
267589
267186
266915
266817
266817
266589
266388
266386
266120
265520
265489
265460
265327
265096
264890
264313
264278
264031
263930
263924
263800
263764
263328
262653
262599
262530
262494
262014
261874
261814
261441
261285
261114
261059
261048
261016
260840
260670
260613
260534
260529
260333
260177
259571
259445
258770
258574
258484
258441
258399
258299
258244
258209
258204
258080
258058
257961
257886
257829
257768
257702
257698
257486
257443
257423
257131
257129
257024
256982
256903
256771
256761
256569
256377
256305
256056
255978
255578
255574
255467
255390
255320
255317
255239
255223
255149
255054
254955
254927
254745
254661
254356
254112
253554
253276
253104
253033
252965
252777
252708
252684
252508
252293
252206
252002
251918
251913
251889
251744
251677
251632
251531
251460
251454
251155
250760
250758
250754
250733
250590
250365
250260
250211
250066
249940
249762
249708
249420
249363
249275
248986
248923
248767
248455
248416
248409
248190
248078
247922
247899
247553
247519
247326
246815
246715
246713
246596
246103
245961
245853
245811
245773
245757
245730
245658
245349
245272
245263
244901
244787
244533
244385
244306
244228
244147
244141
244115
243746
243745
243407
243377
243260
243146
243109
243091
243057
243016
242981
242954
242699
242679
242604
242348
242257
242181
241676
241459
241016
240984
240975
240939
240903
240785
240670
240642
240612
240197
240173
240159
240117
240099
239839
239776
239646
239594
239439
239412
239372
239349
239329
239251
239235
239183
238972
238971
238804
238742
238612
238573
238348
238206
238192
237719
237563
237503
237489
237086
237004
236986
236914
236363
236136
236114
235968
235934
235916
235864
235637
235612
235592
235447
235416
235313
235198
235028
235025
234863
234729
234723
234709
234251
233958
233862
233743
233692
233589
233538
233298
233090
233000
232957
232930
232813
232706
232319
232121
232099
232060
231766
231714
231712
231691
231689
231646
231530
231525
230672
230653
230595
230594
230550
230473
230391
230240
229978
229976
229711
229687
229680
229605
229541
229539
229500
229390
229182
229152
229144
229143
228987
228837
228479
228442
228302
228295
228282
228052
227973
227947
227838
227814
227798
227516
227343
227297
227254
227186
226863
226819
226667
226460
226188
226072
226031
225993
225871
225683
225671
225671
225639
225314
224952
224870
224815
224763
224635
224550
224542
224494
224483
224439
224408
224222
223963
223752
223143
223129
223056
222927
222914
222802
222518
222459
222458
222438
222410
222317
221835
221816
221792
221778
221606
221588
221529
221322
221226
221119
221022
220994
220904
220741
220596
220428
219668
219622
219309
219120
219026
218869
218769
218691
218669
218461
218354
218226
218149
218075
218061
217854
217789
217754
217693
217591
217581
217546
217385
217070
216897
216875
216538
216292
216241
216009
215720
215714
215637
215613
215499
215479
215287
214647
214640
214624
214584
214574
214195
214132
214023
214012
213927
213918
213857
213774
213396
212730
212537
212363
212328
212036
211979
211849
211518
211424
211308
211245
211124
211052
210913
210777
210475
210259
210154
209940
209889
209478
209347
209339
209268
209024
208946
208748
208527
208488
208384
208352
208174
208039
207602
207590
207162
207137
207014
206956
206924
206850
206844
206803
206693
206540
206508
206438
205530
205492
205411
205396
205377
205119
204973
204756
204724
204721
204611
204451
204251
204169
204120
204065
204039
203997
203864
203795
203788
203688
203667
203649
203623
203419
203376
203251
203179
203150
202845
202715
202710
202696
202695
202620
202586
202292
202051
202004
201915
201876
201866
201731
201640
201486
201325
201203
201172
200965
200875
200827
200631
200590
200493
200331
200188
199835
199748
199586
199448
199439
199360
199245
199213
199034
198959
198708
198490
197818
197716
197708
197490
197355
197342
197274
197271
197183
196968
196960
196940
196878
196843
196766
196637
196635
196615
196568
196531
196399
196192
196169
196168
196132
196105
195970
195825
195756
195702
195634
195399
195327
195277
195104
195057
194740
194735
194466
194377
194039
193857
193691
193522
193500
193477
193443
193398
193366
193307
193271
192363
192087
192080
192058
191984
191779
191747
191667
191375
191371
191329
191311
191195
191143
191009
190861
190570
190520
190487
190001
189598
189479
189371
189239
189188
189182
189031
188652
188639
188549
188547
188474
188430
187817
187800
187747
187652
187407
187384
187298
187246
187217
187215
186842
186804
186691
186454
186413
186390
186329
186256
185885
185664
185563
185361
185198
184887
184823
184703
184496
184355
184245
184163
184105
184076
183933
183866
183814
183715
183647
183604
183595
183430
183358
183255
183254
183230
183169
183129
182892
182576
182560
182408
182203
181985
181846
181796
181572
181500
181496
181276
180978
180667
180605
180554
180514
180241
180208
180126
179976
179914
179822
179698
179494
179422
179410
179349
179168
178921
178836
178777
178557
178509
178385
178359
178134
177898
177858
177780
177579
177506
177477
177414
177371
177367
177288
177209
177187
177174
177069
177028
176914
176741
176707
176604
176456
176036
176035
175128
174849
174794
174557
174474
174256
174244
174234
173857
173785
173760
173727
173554
173236
173133
173096
172864
172535
172457
172433
171944
171568
171509
171395
171359
171346
171270
171128
171098
171069
171028
170951
170870
170498
170490
170439
170388
170365
170213
170006
169945
169815
169776
169693
169660
169623
168948
168882
168872
168800
168773
168657
168657
168585
168425
168056
167977
167788
167779
167752
167538
167377
167172
167082
166974
166961
166821
166765
166741
166671
166644
166626
166534
166508
166412
166300
166144
166014
165728
165683
165548
165475
165332
165162
165067
164933
164435
164367
164202
164176
163930
163866
163116
163099
163026
162897
162793
162593
162561
162309
162274
162194
161888
161571
161490
161391
161253
161182
160990
160977
160671
160426
160375
160368
160229
160176
160120
160101
160033
159939
159811
159777
159645
159606
159484
158984
158883
158876
157997
157901
157770
157692
157659
157505
157378
157172
157120
157053
156894
156745
156711
156569
156462
156259
156090
156081
156042
156010
155906
155841
155831
155798
155542
155536
155341
155297
155284
155131
154902
154884
154787
154499
154468
154081
153757
153684
153536
153450
153402
153218
153153
152808
152716
152696
152588
152249
152119
152021
151015
151005
150873
150679
150623
150598
150577
150524
150476
150322
150241
150151
150105
149837
149736
149716
149676
149665
149524
149508
149488
149353
149142
148903
148724
148579
148424
148253
148092
147935
147705
147479
147330
147271
147216
147111
147063
146947
146891
146475
146383
146311
146179
145728
145610
145512
145511
145327
145191
145121
145051
145023
145003
144845
144352
144235
144172
144081
144057
143965
143863
143774
143769
143722
143693
143584
143203
143069
142660
142575
142529
142482
142345
142200
142162
142103
142063
142062
141981
141846
141797
141664
141461
141184
141118
141039
140972
140954
140849
140726
140598
140549
140545
140499
140425
140340
139864
139825
139745
139646
139535
139048
138887
138830
138676
138594
138440
138284
138178
138117
138049
137858
137818
137767
137593
137574
137562
137229
137219
137113
136745
136657
136610
136424
136397
136224
135906
135861
135800
135785
135784
135757
135588
135460
135208
135197
135139
135080
135023
135013
134992
134709
134694
134599
134572
134411
134268
134087
133842
133815
133597
133400
133344
133319
133261
132947
132935
132880
132693
132526
132249
132160
131887
131737
131657
131641
131466
131379
131314
131222
131182
131109
130944
130853
130843
130820
130783
130705
130688
130576
130468
130435
130303
130140
130051
129996
129506
128995
128975
128892
128815
128785
128714
128293
128252
128137
127995
127864
127789
127703
127605
127596
127461
127457
127426
127359
127263
127261
127245
127194
127143
127081
126855
126588
126578
126365
126230
126142
125595
125464
125460
125351
125317
125299
125075
124963
124929
124854
124784
124764
124486
124272
124015
123828
123789
123414
123350
122837
122663
122436
122358
122190
121945
121839
121813
121592
121309
121228
121076
121012
120948
120569
120557
120531
120494
120427
120275
120269
120147
120105
119894
119849
119499
119491
119383
119154
118993
118672
118597
118383
118266
118175
117886
117725
117709
117602
117600
117523
117489
117343
117297
116956
116946
116821
116799
116429
116330
116325
116305
116196
116115
116103
116073
115995
115947
115874
115666
115661
115430
114918
114817
114716
114711
114680
114654
114623
114447
114401
114256
114239
114197
114171
113968
113892
113681
113335
113262
113173
113144
112978
112824
112798
112707
112686
112631
112494
112323
112206
112107
111924
111873
111865
111856
111739
111617
111500
111430
111281
111045
110913
110627
110413
109962
109958
109742
109733
109708
109572
109560
109445
109320
109274
109108
109055
108957
108870
108730
108711
108701
108585
108525
108357
108327
108122
107988
107981
107932
107585
106910
106859
106680
106630
106448
106439
106431
106225
106123
106088
105948
105615
105544
105410
105259
105137
105110
105105
104887
104627
104574
104482
104455
104271
104198
104101
104054
104000
103718
103704
103662
103582
103487
103374
103308
103205
103060
102753
102705
102559
102545
102545
102491
102382
102174
102142
101878
101815
101809
101785
101687
101620
101581
101553
101382
101238
101227
101212
101164
101137
100947
100946
100943
100609
100585
100521
100315
99936
99731
99662
99409
99393
99384
99363
99333
99192
98906
98807
98688
98668
98605
98504
98403
97855
97839
97700
97401
97285
97133
97033
97017
96964
96829
96819
96654
96632
96512
96500
96364
96302
96086
95936
95885
95431
95218
95020
94775
94705
94432
94247
94222
94188
93944
93868
93735
93671
93508
93313
93312
93183
93124
92941
92744
92685
92500
92280
91867
91840
91590
91127
91090
90832
90764
90758
90668
90629
90583
90409
90183
90128
89717
89565
89552
89429
89293
89282
89268
89250
89159
88975
88789
88704
88678
88641
88571
88462
88177
88087
87658
87496
87481
87474
87173
86968
86921
86838
86832
86820
86712
86702
86677
86586
86123
86038
86017
85986
85694
85479
85145
84976
84921
84884
84402
84157
84154
84147
83916
83902
83866
83798
83499
83352
83296
83217
83211
83126
83116
82934
82873
82810
82515
82426
82376
82320
82191
82126
82035
81643
81465
81299
81293
81035
80962
80939
80920
80818
80748
80707
80652
80550
80510
80388
80387
80296
80193
80007
79921
79390
79376
79357
79336
78955
78737
78567
78550
78476
78271
78182
77940
77881
77459
77430
77396
77063
76628
76581
76437
76347
76236
76205
76000
75892
75647
75004
74987
74494
74461
74292
73974
73871
73868
73781
73778
73716
73341
73279
73256
73089
72804
72759
72711
72641
72572
72554
72361
72142
72034
71943
71850
71743
71301
71194
71111
70920
70703
70645
70435
70397
70263
70214
70125
70104
70066
69957
69851
69661
69610
69518
69336
69107
69086
68890
68876
68802
68667
68215
68053
67958
67674
67490
67438
67224
66984
66676
66612
66413
66372
66208
66160
65913
65789
65561
65258
65089
64836
64740
64686
64623
64611
64557
64314
64039
63954
63906
63873
63862
63612
63609
63508
63326
63183
63174
63077
62987
62615
62535
62530
62392
62212
62154
62089
62015
61971
61878
61663
61571
61320
61253
60988
60985
60978
60871
60674
60488
60403
60311
60214
60120
59463
59184
58923
58876
58824
58800
58747
58721
58701
58561
58561
58486
58351
58083
58081
57757
57696
57565
57563
57431
57398
57356
56959
56909
56600
56354
56332
56125
56033
55986
55977
55847
55761
55654
55536
55515
55413
55340
55217
55135
54893
54843
54772
54188
54127
54096
53399
53364
53175
53151
53147
52957
52815
52775
52715
52694
52448
52323
52283
52192
51971
51820
51793
51762
51674
51530
51490
51319
51186
51157
51147
51131
51090
50891
50882
50876
50776
50637
50496
50455
50113
49674
49632
49489
49405
49115
49034
48956
48737
48678
48603
48415
48209
48165
48064
47805
47766
47510
47471
47435
47088
46814
46649
46564
46539
46343
46092
45840
45836
45614
45612
45076
45007
44988
44919
44915
44844
44844
44729
44695
44470
44453
44380
44327
44230
44004
43938
43917
43903
43680
43675
43523
43505
43313
43293
43179
43121
43088
42812
42803
42510
42454
42425
42181
42141
42072
42046
41706
41665
41646
41612
41524
41440
41355
41327
41302
41144
41039
40743
40645
40499
40227
40152
40146
40138
40036
39923
39902
39758
39605
39509
39372
39253
39201
39134
39099
39062
38678
38412
38286
38234
38131
38050
38029
37965
37847
37611
36678
36568
36456
36453
36412
36149
36127
36055
35944
35928
35834
35828
35748
35611
35445
35379
35318
35217
35085
34891
34800
34721
34710
34352
34034
34000
33979
33908
33854
33718
33612
33522
33474
33471
33451
33125
33001
32952
32656
32601
32472
32310
32197
32186
32152
32105
31951
31822
31794
31783
31168
31165
31010
31004
30790
30747
30223
30218
30114
30074
29931
29833
29699
29666
29406
29333
29332
29116
28973
28922
28782
28505
28472
28415
28392
28380
28379
28324
28047
28040
27896
27657
27633
27606
27597
27572
27548
27444
27385
27284
27074
26778
26752
26750
26717
26642
26369
26313
26190
25674
25664
25522
25501
25476
25418
25103
25102
24895
24848
24754
24718
24620
24602
24529
24445
24203
24196
24040
23909
23650
23544
23442
23402
23381
23259
23180
23142
22917
22875
22867
22763
22524
22303
22216
22202
22137
22105
22010
21947
21868
21863
21838
21134
21088
21023
20978
20960
20865
20567
20451
20392
20340
20331
20216
19889
19265
18934
18876
18680
18672
18450
18334
18150
17984
17940
17893
17876
17419
17323
17257
17162
17129
17035
16810
16721
16623
16537
16478
16466
16284
16101
16037
16008
16006
15999
15756
15322
15316
15253
15010
14935
14808
14802
14571
14531
14416
14415
14352
13972
13828
13747
13716
13716
13715
13673
13645
13632
13615
13467
13436
13337
13295
12876
12805
12537
12290
12116
11995
11838
11580
11449
11237
11154
10841
10716
10657
10625
10570
10570
10514
10498
10459
10458
10355
10234
10194
10138
10108
10030
10010
9950
9797
9768
9610
9568
9459
8869
8736
8727
8486
8386
8341
8154
8035
7928
7839
7627
7604
7537
7409
7402
7250
7124
7058
6964
6894
6748
6734
6659
6598
6315
5724
5611
5577
5458
5290
5194
4985
4893
4715
4630
4627
4452
4220
4194
4153
3801
3633
3438
3421
3173
3169
3112
3070
2993
2821
2807
2723
2316
2126
2110
1982
1907
1753
1066
976
929
858
789
661
514
446
362
280
