998772
996746
996699
996262
995923
995732
995729
995337
994645
993901
993870
993843
993555
993149
992955
992764
992400
992189
991690
991580
991553
991302
990548
990464
988831
987908
987691
987175
986745
985481
984385
983326
982480
981290
981285
980701
979950
979040
978841
978691
978607
977596
977283
977161
976153
975192
975078
974996
974829
973653
973031
971992
971441
971393
971130
971000
970255
970026
969728
968952
968705
968316
967476
966926
966722
966700
966191
966147
965784
965751
965069
963887
962982
962763
962008
961518
961486
961269
960204
958777
958587
958381
958129
957692
957510
957133
956369
955103
954365
954130
953937
953860
953852
953309
952795
952743
952487
951144
951019
950630
950235
950045
949764
949581
948597
948406
947836
947189
945222
944985
944573
943306
941817
941683
941562
940829
940097
939890
938688
938442
937983
937062
936697
936483
935897
935875
935782
935744
934767
934351
934304
933810
933330
932949
932902
932587
932236
932198
930824
930802
929691
929482
929362
928421
927810
926113
926074
925245
925194
924400
924318
924154
923427
921899
921318
921133
920572
920028
919647
919646
919302
918560
917778
917719
917001
916582
916022
915847
915539
915501
914308
914212
913983
912714
912529
911799
911389
911192
910844
910559
909859
909551
908786
907972
907880
907845
907442
905590
905184
904314
904282
904205
904032
903841
903533
903523
903127
901648
901107
901098
900209
899987
899760
898993
898529
896450
896320
895760
895741
895249
895092
893998
893615
893541
890275
890072
889617
889294
889230
888904
888777
887558
887142
887117
886904
886811
886390
885226
884769
884598
884541
884434
883654
883101
881845
881169
880706
880453
880161
879788
879609
878864
878608
878465
877808
874915
873957
873892
873652
872724
871953
871246
870081
868980
868553
868358
868352
867386
866049
865962
865668
865651
865487
864141
864114
863640
862457
862017
860012
859967
859097
858651
857289
856968
856056
855499
855224
855028
852876
852141
849897
849614
849570
849171
848899
848773
847977
847752
847690
846965
846695
846297
845959
845838
843843
843842
843836
843216
843202
843091
842833
842517
842312
841958
841828
840951
840433
840153
839193
838120
836621
836448
836046
835852
834786
833491
833313
833207
833177
832350
831293
829522
828865
828498
827581
826650
826279
826125
825539
825109
825106
824542
824020
823909
823486
823152
822835
822782
822297
822042
820928
820791
820514
819160
818839
818600
817925
817905
816934
815751
815083
814830
814726
813995
813900
813788
813143
812021
811258
810953
810422
809796
809724
809413
809151
808951
808233
807989
807952
807858
807662
807464
807417
806333
806113
805781
805769
805290
803976
801724
801482
800679
799910
799621
799221
799177
798575
796585
796399
795751
795632
795394
794498
793750
793668
793522
792804
792662
792179
791971
790700
789917
789831
789774
788601
788589
788378
787568
787531
786784
786755
784980
784475
784083
782768
782694
782114
781955
781682
780919
780512
780433
779922
779753
778981
778459
777956
777843
776723
776481
776391
776068
774856
774794
774486
774478
772837
772250
772187
771640
771060
770525
770263
769580
769275
769170
769106
768773
767848
767734
767572
767537
766824
766162
765718
765271
764900
764888
764105
763343
763190
763003
760515
759831
759745
757125
755670
755406
755102
754565
753959
753601
752851
752308
751454
751314
751041
750765
750148
749873
749602
748597
748413
746890
746708
746662
746478
745588
744812
744279
743530
741791
740500
740304
739522
738956
738852
738614
738327
737652
737039
736350
736338
735134
734058
733554
733223
733111
732683
732448
732320
731938
731618
729592
727976
726712
726272
725986
725692
725430
723855
723259
722599
722155
722041
721867
721481
721143
720979
720954
719956
718759
718583
717809
716246
715315
714696
713749
713020
712396
711703
711692
709704
709342
708693
708620
707997
707458
707176
706942
705378
705261
704190
703942
703517
701497
701252
701006
699054
698815
698779
698724
698696
698559
697885
696634
696624
695646
695627
694066
694051
693932
693832
692699
692615
691816
691685
690815
690565
690532
690205
690045
689759
689157
688881
688452
688395
688195
686311
686114
685640
685489
685086
684844
684225
684085
684039
683507
683444
682069
681625
681481
680814
680361
680249
679904
679379
679341
677871
677656
677068
675746
674857
673701
673614
673333
672816
671717
669492
669420
669392
668865
668777
668641
668381
668259
667458
665851
665603
664861
664806
664201
664035
663815
663784
663154
662924
662207
662178
661998
661753
661265
660990
660889
660465
659888
659807
657449
656941
656849
656799
656748
656699
654230
654216
654005
652163
651693
651527
651384
650281
649275
649263
649067
648977
647840
647715
647328
646911
645827
645723
645613
645412
645226
644631
644481
643969
643710
643358
642273
640977
640652
640049
639718
638576
638043
637376
637144
636816
636001
635133
635036
634981
633597
632354
632189
632090
631848
631398
630626
630612
630611
630352
629741
629562
627578
626135
625940
625928
625841
625254
625031
623673
623502
623210
623034
622286
621926
621669
621114
620821
620476
619362
619307
618613
618475
618229
617513
615822
615802
615615
615205
614855
614506
614043
612898
612796
610565
610336
610257
610044
609921
609857
609579
608557
608555
607567
606585
606369
606124
605414
604569
604044
604013
603917
603694
603139
601825
601688
601558
599911
599409
598588
598543
598127
597426
597391
596878
596311
593657
593641
593613
593455
592914
592788
592485
592298
592180
592014
591006
589890
588279
587348
586276
585850
585157
584655
584623
583950
583405
583402
583292
582985
582274
582024
581908
581751
581062
578762
578705
577534
577233
577188
577185
577177
576718
576486
576451
576072
575776
575266
574841
574543
574350
573893
573481
571721
570988
570751
570481
570403
570301
569532
568928
568503
568175
567944
567639
564979
563630
563609
562553
562435
562052
561976
561492
560994
560649
560635
560612
559480
558937
558270
558075
557166
557142
556978
556409
556370
555663
555444
555439
555340
555077
554924
554361
554171
553160
552142
552037
551630
550661
550630
550367
550306
550187
549924
549553
548628
548290
547931
547844
547246
546753
546355
546144
544482
544302
544294
544230
544116
543880
543383
543160
542609
542430
542310
541721
541324
540996
540036
539893
539586
539072
538248
537225
537100
537063
536666
536590
536199
534833
534627
534586
533763
533394
532198
531309
531262
530799
530155
529973
529811
529613
528964
528766
528349
527575
527122
526743
526716
526053
525830
524121
523849
523770
523676
522655
522239
520158
519357
519343
518121
518037
517977
517892
514864
514835
514426
513996
512501
511513
511346
510844
510190
509555
509418
509256
508196
507825
507467
506327
505526
505257
504057
503324
502853
502836
502637
501751
501525
500059
499481
499460
498869
497796
496908
496802
496439
495953
495681
495539
494899
494170
494106
493799
493242
492906
491648
491438
491030
490141
490128
490005
489848
489343
489197
488528
488253
487008
486905
486698
486659
485826
485443
485188
484895
484597
484578
484304
484098
483518
483254
482810
481771
481443
481391
481314
480291
479732
479436
479273
479227
478789
478202
477800
477621
477519
477266
476457
476438
476078
475626
475072
474329
473720
473475
473245
473187
472619
472277
471695
471681
470590
470566
470244
469819
468389
468292
467533
467201
466471
465974
465459
465272
463886
463117
462903
462888
461251
461199
460923
460770
460607
460450
460257
459855
459683
459035
458915
458837
457838
456964
456278
455971
455843
455824
455571
455523
455290
455255
454233
453875
453366
452898
452272
452098
451988
451751
450470
449589
449260
448000
447706
447470
447468
447234
447056
447053
446579
446325
446301
445783
445517
444540
444207
444144
443681
443630
443178
442194
441963
441646
441379
440968
440509
440168
439352
439180
438968
438931
438797
438122
437983
437184
434877
433877
433054
433006
431595
431429
431048
430022
429346
428849
428716
428334
427982
427864
427828
427672
426560
424547
424445
424283
423853
423516
423196
423171
422504
421510
421498
420991
420431
420321
420040
419300
418907
418879
418661
418521
418364
418358
417474
416836
415574
413657
412673
411932
411911
411844
411638
411135
410977
409919
409327
409177
408602
408351
407902
407862
407727
407011
404532
404388
404047
403322
402842
402770
401324
401103
400138
400061
399828
399057
398577
397894
397809
397799
397661
397402
396713
395442
395119
393069
392276
391047
389728
389677
389323
389017
388247
388020
388001
386499
385560
385502
384518
384377
384360
383899
383823
381097
380549
379864
379686
378535
377239
377061
376239
375184
375082
373296
373182
373131
372775
372701
372256
371965
371752
370382
370157
370037
369612
367885
367199
367030
366429
366034
365605
365454
364132
363333
363159
362948
362929
362646
362627
361624
361391
360681
359100
359018
358969
358906
357587
354880
354709
352944
352557
352185
351538
351473
350177
350043
349222
348756
347966
347340
346228
346041
345549
344572
344544
343818
342949
340442
339955
339829
339793
339680
339647
337679
336687
336681
336604
336590
336084
335392
335105
333838
333604
333411
333143
333130
332773
332218
331279
331052
330061
329901
329816
329502
328787
328681
328191
328174
327348
327087
326924
326615
326517
325641
325595
324875
324229
322554
322546
322079
321480
320753
320673
320424
320256
319920
319760
319742
319712
319094
318742
318599
318587
317620
317459
316876
316314
315859
315337
314223
314085
313775
313744
313412
312865
312451
311042
311007
310812
310790
310388
310354
309526
308411
308192
308179
307553
306435
306260
305606
305569
305001
304796
303772
302780
302620
302485
301293
300339
299565
298440
298081
297601
297290
296741
296658
296330
295800
295761
295219
295046
294855
293868
292955
292738
292414
291604
290344
289730
289707
289540
288899
288831
288630
288242
286749
286716
286333
286035
285811
285193
284990
284834
284831
284719
284331
284064
283192
282447
281842
281512
281267
280500
280495
280049
279957
279838
279415
279223
279172
279020
278508
277258
277076
276920
276898
275442
275070
275031
274910
274807
274729
273776
272975
270756
270743
270362
270302
270224
270055
269357
268767
268167
267234
266535
266429
264707
264537
264432
264230
263790
263044
262347
262239
262181
261300
261258
261169
261148
260139
259256
259215
258546
258140
257891
256884
256495
256479
255569
253916
253575
253103
253024
252989
252982
251779
251447
251309
251183
248939
248881
248623
248347
247567
247218
246745
246059
245061
244946
244771
244268
244155
244096
244087
243933
243784
243595
242996
242809
241866
241562
239225
239034
237983
237902
237752
237532
237465
237177
236970
236869
235966
235567
235399
235170
233577
233446
233243
233007
232134
231414
230711
230624
229474
229225
228206
227627
227316
226906
225226
224323
223467
223045
220896
220539
220300
219593
218831
218710
218574
218104
217944
217266
216823
216307
214980
214917
214482
214475
214465
214049
213068
212080
211932
211795
210737
209733
209496
208935
208820
207721
207656
206719
206197
205679
204927
204707
204359
203991
202812
202764
202250
202168
202083
202021
200204
200028
199818
198919
198830
198262
197525
196361
196249
195932
195634
195622
195322
194389
194281
193894
193488
193036
192823
192742
192727
192467
192359
191809
191562
191494
191404
191303
190558
190137
189359
189176
189102
189000
188925
188704
188421
188257
187886
187840
187260
187113
186752
186494
185940
185723
185226
184401
184126
184083
183067
182685
182605
182279
180969
180321
179867
179794
178728
177813
177720
177260
176795
176463
176077
176015
175783
175267
175135
174898
174618
173264
173184
172784
172403
172224
171291
170363
169124
168333
167956
165749
165391
165278
164285
164024
163417
162735
161779
161744
161278
160780
160660
160435
160139
159314
158999
158651
158599
157492
157251
157166
156460
156232
156081
155265
155225
155105
154933
153557
153377
153112
153001
151834
151287
150838
149510
148420
148046
147416
144900
144683
144378
143995
143398
142286
141955
140715
140425
140388
140138
139863
139470
138698
138675
138229
137750
137023
136436
136314
135856
135298
135175
135064
134573
134275
133886
133158
133060
132674
132654
132581
131867
131694
131386
131176
130962
130170
129435
129250
128659
128412
128266
127701
127156
126982
126463
126192
125672
125607
125473
121700
120820
120379
120094
119814
119426
119277
118919
118660
117962
117887
117794
117744
117128
115798
114469
113002
112632
111944
111868
111788
111703
111673
111004
110397
110380
110326
108773
108434
107865
107717
107512
106813
106422
104734
104659
104249
103068
102804
101259
100938
100301
100234
100029
99665
99115
98914
98898
98658
98382
97842
97812
97613
97435
96649
95758
95678
94677
94349
94199
93893
93614
93289
92630
92107
92035
91860
91640
91132
91020
90554
88639
88605
88400
87067
86647
84539
84077
84020
83954
83606
83424
82421
82209
81226
81144
81112
79648
79023
78721
76996
76876
76522
76334
75962
75455
75436
75142
74799
74790
74155
74028
73763
72336
72279
71716
71637
71526
71275
70182
70019
69474
69268
69104
69032
68341
67682
67337
67030
66918
66277
66227
65608
65551
65177
65137
64945
64900
64481
64223
63791
63528
62131
62034
60062
59950
59040
58249
58093
57806
56719
54897
54333
54239
54058
53487
53209
52840
52799
51468
51181
50881
50359
50166
49615
49472
48895
48375
48262
48045
46971
46722
46077
44378
43856
43565
42854
42407
41656
41117
40823
40721
40056
39295
38129
38110
37376
36910
36259
36042
35720
35645
34719
34698
34300
34049
33907
32668
32530
32347
30978
30539
30465
29732
28187
27593
26835
26255
24943
24848
24766
24471
23932
23331
23029
23021
22324
21103
20774
19966
19799
19143
18589
16482
16420
16046
15860
14725
14499
13800
13454
13021
12724
12536
12116
12105
11490
11182
10988
10911
10072
9553
9216
8909
8044
7232
6901
6279
5643
5161
4408
4342
3090
3074
2890
2583
2469
2177
1986
1923
855
440
329
250
164
