999627
999611
999104
998958
998782
998689
998619
998567
998196
997816
997753
997710
997577
997145
996492
996393
996103
995861
995793
995344
995085
995027
993805
993708
993681
993473
993299
992973
992894
992837
992798
992361
992225
992093
992008
991587
991152
991150
990872
990393
990231
989856
989775
988848
988785
988711
988711
988505
988482
988327
988066
987947
987868
987221
986944
986830
986571
986525
986226
985946
985407
985260
985210
985069
984081
983830
983350
982862
982709
982653
982071
981836
981710
981204
980975
980525
980516
980439
978658
978446
977514
977042
976770
976347
976175
976044
975555
975278
975170
975132
974921
974895
974748
974333
974111
974059
974041
973837
973789
973542
973521
973403
973162
973084
972399
972315
972032
972014
971976
971353
971146
970410
970341
969964
969827
969643
969392
969246
969221
968357
968342
968233
968037
967790
967657
967495
967316
967203
966562
966219
966121
966089
966050
965982
965873
965839
965207
965008
964816
964604
964378
964322
964314
964229
964201
964095
963942
963806
963585
963397
963361
962876
962305
962277
962143
961612
961058
960729
960519
960428
960316
959139
959126
959069
958891
958878
958728
958291
957783
957764
957703
957670
957068
956858
956662
956620
956124
956023
955917
954793
954714
954572
954463
954185
953886
953761
953743
953627
953515
953337
952705
952573
952423
951494
951077
951010
950976
950923
950903
950584
950492
950408
950270
950213
950066
949835
949131
948928
948894
948882
948816
948100
948042
947669
947325
947213
946542
946179
946093
945769
945702
945419
945417
945257
944701
944668
944373
944280
943936
943436
943108
942787
941829
941729
941724
941643
941483
941372
941208
941052
940631
940382
939978
939520
939408
939036
938979
938759
938099
938033
937228
937003
936895
936290
935843
935733
935556
935408
935348
935020
935017
934574
934236
934044
933649
933522
933464
932781
932203
932079
931581
930789
930685
930539
930256
930179
929815
929712
929415
929330
929273
928967
928824
928772
928584
928452
928380
927755
927367
926935
926653
926600
926589
926570
926461
926259
926134
925629
925625
925264
924741
924679
924627
924485
924329
924128
923755
923600
923299
922827
922809
922656
922466
922082
921968
921773
921604
921400
920854
920722
920584
920281
920158
919360
919239
919103
918841
918627
918270
917890
917326
916796
916148
916039
915750
915574
915280
915059
914570
914438
914424
914393
913995
913883
913812
913555
913506
913418
913357
913286
913195
913162
913152
912281
912117
911977
911744
911324
911308
911248
911206
911017
911005
910802
910594
910360
909527
909521
909440
908992
908710
908580
908412
908108
908049
907894
907872
907194
907113
906812
906633
906459
905712
905271
905042
904803
904553
904082
903958
903023
902348
902202
900541
900083
899802
899718
899663
899617
898999
898830
898812
898653
898577
898478
898407
898043
897929
897783
897601
897536
897235
897172
896628
896460
896234
896225
894888
894477
894022
893789
893705
893632
893613
893446
893334
893203
893190
893129
892539
892500
891489
891482
891340
891338
891195
891157
891130
891001
890954
890843
890320
890117
889895
889871
889488
889253
888944
888783
888558
888490
888275
888160
887804
887340
887290
887282
887163
887132
886175
886005
885782
885664
885653
885432
885116
884910
884818
884592
884018
883626
883380
882810
882660
882629
882314
881490
881280
881108
880816
880475
880237
880218
879990
879910
879835
879768
879711
879258
879214
879194
879038
879025
878950
878745
878741
878697
878415
878224
878053
877960
877839
877697
877679
877585
877514
877417
877381
877288
877110
876957
876774
876561
876463
876079
875636
875630
875430
875419
874921
874399
874386
873878
873446
872748
872744
872084
872028
871930
871868
871653
871601
871372
871025
870934
870695
869849
869785
869766
869299
869273
869144
869025
868937
868714
868541
867946
867467
867411
867380
867018
866262
866156
866017
865697
865687
865669
865543
865511
864908
864722
864525
864501
864220
864159
863932
863675
863422
863374
863246
863162
862863
862139
862131
861961
861934
861873
861222
860931
860858
860784
860651
860330
860207
859899
859492
859458
859457
859349
859170
859000
858693
857929
857195
856806
856216
856177
856161
855646
855591
855586
855176
854976
854732
854646
854228
854141
854091
854019
853776
852975
852887
852055
851900
851293
851192
850952
850872
850487
850008
849354
849195
849146
848539
848457
848320
848272
847779
847408
847390
846978
846414
846358
845537
845317
845068
845019
844994
844754
844502
844023
843684
843597
843480
842872
842709
842572
842497
842344
842140
842083
841956
841454
840970
840966
840168
839610
839370
839264
839205
839081
838566
838176
837921
837496
837100
836910
836321
835542
835519
835304
835164
835142
834967
834890
834850
834001
833771
833745
833488
833241
833153
833061
832596
832518
832492
832049
831989
831808
831653
831543
831493
831459
831381
831253
831106
830962
830957
830868
830654
830044
829728
829122
829098
829023
828779
828757
828462
828241
828153
827983
827743
826888
826636
826457
826263
826047
826018
825757
825463
825074
825048
824845
824811
824503
824110
823996
823565
822107
822040
821665
821418
821244
821009
820980
820579
820401
820196
820144
819992
818894
818724
818627
818612
818361
818313
817845
817766
817476
817243
817123
816806
816352
816184
816156
816022
815762
815537
815432
814673
814074
813978
813854
813665
813446
813198
813177
812863
812431
812290
811983
811727
811643
811587
811349
810903
810716
810482
810403
809739
809368
809261
808760
808639
808239
808156
807863
807716
807714
807609
807308
807257
807204
806862
806782
805924
805724
805579
805503
805466
805097
805013
804944
804931
804857
804496
804460
804300
803588
803265
803158
803067
802548
802406
802348
802259
802255
802183
802012
801811
801787
801633
801620
801154
801141
801109
801049
801003
800930
800691
800595
800454
800185
799825
799737
799282
799273
799040
798999
798963
798958
798635
798358
798299
797768
797595
797507
797350
797022
796899
796699
796686
796622
796275
796031
795821
795549
795114
794761
794366
794053
794046
793655
793377
793204
793086
792899
792565
791815
791167
791145
791142
790822
790473
789430
789284
788441
788339
788202
788172
787940
787835
787709
787655
787016
786447
786411
786266
786254
786170
786129
785772
785619
785373
784998
784593
784450
783938
783786
783734
783661
783468
783226
782206
782168
781545
781454
781052
780986
780312
780144
780046
779844
779571
779548
779443
778068
777994
777987
777078
776417
775862
775317
774990
774950
774655
774297
773860
773719
773234
772972
772799
772732
772654
772560
772185
772139
771185
770345
770333
770268
770250
770208
769540
769455
769289
769264
768916
768049
767523
767436
767353
767298
767275
767212
767094
766589
766330
766111
765628
765335
765150
765126
764882
764168
764020
763712
763696
763570
763410
762972
762947
762917
762873
762612
762515
762326
761692
761135
760816
760723
760298
760132
759939
759414
759280
758960
758549
758522
758518
758189
758044
757698
757548
757538
757242
757113
757069
756774
756685
756635
756305
756232
755906
755568
755499
755368
754810
753708
753669
753579
753496
753477
753456
753248
753198
752766
752474
752084
751880
751536
751397
751169
751014
750816
750715
750287
749628
749300
749085
749050
748717
748355
748348
748286
748086
748056
747398
747393
747335
747085
747030
746661
746181
746040
745923
745641
745143
744952
744904
744754
744733
744245
744226
743901
743636
743077
742754
742722
742705
742123
741908
741483
741448
741002
740790
740780
740769
739626
739523
739371
739351
738841
738800
738374
738272
738006
737990
737148
736651
736609
736210
735948
735837
734952
734120
734103
734066
733188
733184
733111
731923
731792
731390
730974
730644
730360
729385
729359
729248
728998
728621
728437
728435
728300
727706
727499
726585
726322
726211
725266
725099
725070
724957
724248
724201
723881
723350
723215
723205
722922
722340
722143
721968
721958
721768
721736
721570
720803
720574
720312
720090
720061
719876
719587
719424
719007
718856
718411
718067
718041
717993
717896
717398
716295
715041
714290
713849
713603
713420
713369
713244
712476
712246
712114
712079
711976
711727
711659
711451
711275
711234
711152
710871
710738
710330
710261
710123
709987
709662
709661
709079
708931
708741
708035
707872
707665
707645
707587
707546
707537
707418
706894
706839
706801
706741
706741
706599
706207
705638
705362
704885
704784
704731
703805
703768
703727
702934
702725
702578
702387
702347
701945
701529
701344
700888
700874
700864
700768
700450
699107
699092
698913
698387
698380
698246
698087
698085
698071
697961
697545
697412
697102
696831
696531
696504
696345
695956
695193
694749
694516
693341
692978
692803
692298
692144
692107
691970
691173
690911
690461
690394
690245
690206
689930
689873
689604
689377
688208
687907
687692
687519
687447
687393
687094
686830
686794
686718
686585
686439
686328
686103
685908
685548
685532
685116
685003
684807
684517
684460
683945
683868
683716
682877
682797
682776
682668
682609
682236
681854
681787
680793
680364
680296
679658
679548
678785
678210
678197
678063
677556
677515
677310
676845
676752
676676
676603
676286
675967
675887
675584
675138
674678
674470
674108
674070
673844
673758
673586
673264
673232
673075
672778
672710
672630
672256
672071
671962
671930
671813
671789
671380
671271
671157
671097
671068
670463
670330
670253
670141
669492
669309
669276
669004
668700
668596
668495
667991
667644
666959
666865
666765
666749
666626
666326
666276
666170
665847
665561
665437
664197
663935
663827
663780
663071
662574
662402
662211
661741
661470
661083
660919
660872
660423
659984
659849
659566
659430
659183
659135
659121
658618
658554
658056
657722
657648
657286
656896
656253
655784
655668
655599
655492
655482
655459
655354
654941
654911
654832
653897
653167
652868
652729
652152
651135
650498
650248
650059
649905
649900
649353
648786
648598
648070
647861
647116
647097
646516
646470
646319
646298
646232
645942
645504
645112
644951
644795
644614
644345
644108
643914
643490
643434
643421
643412
643076
643035
642921
642692
642612
642295
641982
641896
641712
641706
641614
641507
641443
641160
640543
640248
639997
639841
639595
639517
639512
639455
638544
638340
638249
638034
637955
637873
637659
637298
636661
636490
635786
635259
635175
634966
634795
634382
634291
634251
634044
633567
632858
632848
631923
631803
631187
631181
630608
630449
629742
629507
629272
629145
629117
628760
628466
628369
628139
627859
627813
627727
627677
627459
627242
627132
627036
626879
626490
626056
625849
625588
625422
625401
625248
624995
624979
624695
624655
624200
624015
623814
623770
623696
623679
623671
623470
623328
623243
623180
622946
622900
622827
622682
622658
622372
622262
622133
622104
621960
621907
621665
621122
620994
620718
620647
620633
620626
620323
620131
619991
619458
619403
619151
619105
619016
618968
618945
618637
617232
617003
616875
616416
616359
616212
615893
615638
615373
615132
614860
614661
614006
613877
613832
613709
613556
613394
613332
613294
612469
612396
612170
611964
611910
611734
611602
611163
611137
610519
610291
610036
609912
609646
608756
608533
608511
608409
608121
607805
607752
607508
607379
607344
606836
606340
605979
605517
605483
605060
604707
604451
604059
603018
602705
602334
602085
601653
601408
601384
601193
601065
600961
600630
600381
600323
600207
600094
599727
599696
599581
599509
599306
599127
598979
598820
598748
598719
598531
598277
598135
598050
597924
597766
597758
597649
597527
597096
597059
596862
596622
596426
596410
596344
596240
596068
595920
595336
594713
594241
593736
593729
593113
592961
592957
592446
592321
591984
591831
591757
591345
590910
590650
590150
590083
589993
589484
589470
589413
589012
588935
588787
588305
587642
587435
586775
586568
586515
586417
586309
586229
586073
585658
585167
585076
584670
584347
583901
583649
582942
582190
581307
581050
580533
580422
580031
579971
579588
579457
579256
579161
579043
578713
578501
577990
577596
577394
577073
576924
576400
576271
576013
575928
575566
575484
575403
574699
574377
573771
573284
573178
572895
572535
572323
571973
571777
571662
571032
570891
570517
570196
570075
570066
569639
569103
568932
568743
567929
567918
567761
567481
567049
566888
566866
566422
566416
566297
566191
565711
565569
565526
565161
564794
564527
564385
564339
563940
563226
563079
562968
562314
562227
561851
561839
561774
561575
561469
561323
561075
561062
560940
560633
559179
558744
558270
558183
558039
558008
557937
557574
556442
556407
556205
556182
555664
555155
554927
554333
554230
553641
553636
553314
553199
552524
552448
552285
551687
551576
551521
551308
551288
551166
550669
550370
550222
550099
549749
549232
549078
549002
548746
548168
547628
547514
547507
547431
547195
546865
546407
546322
546074
545677
545521
545514
545284
545217
545067
544861
544815
544701
544507
544400
543883
543599
543408
543086
542647
542556
542289
541948
541728
541636
541481
541405
540742
540572
540546
540208
539707
539239
539069
538480
538408
538375
538277
538132
537835
537547
537470
537022
536629
536598
536552
536505
536435
536141
535845
535843
535800
535545
535020
534889
534851
534822
534613
534547
534372
534333
534146
533612
533560
533456
532297
532173
532123
531990
531904
530949
530931
530721
530576
530265
529843
529742
529363
529193
529189
528691
528526
528312
528123
527713
527682
527644
527274
527127
527081
527052
526217
525256
525140
525127
525039
524723
524679
524585
524461
524287
524006
523940
523804
523625
523237
522602
522430
522361
522279
522169
522125
521828
521544
520983
520392
519824
519821
519689
519458
519364
519257
519218
518820
517583
517046
516998
516815
516520
515896
515727
515283
515248
514836
514589
514358
514101
513795
513687
513447
513417
513227
512650
512408
512294
512167
512094
511916
511719
511602
511419
510884
510347
510336
509390
509310
509208
509067
508879
508724
508660
508543
508052
507925
507924
507498
507187
507133
506781
506508
506480
505649
505163
505122
504943
504910
504883
504694
504603
504586
504561
504159
504058
503827
503823
503764
503306
503189
503100
502861
502323
501934
501868
501726
501453
501294
501293
501272
500844
500839
500738
500091
500043
499988
499634
499551
499138
499080
498928
498856
498778
498736
498411
498223
498222
497648
497296
496789
496376
495944
495589
495374
494501
494285
494278
494177
492580
490959
490958
489992
489981
489600
489492
489215
488896
488038
488024
488007
487991
487611
487561
487461
487447
487288
486351
485984
485819
485130
484997
484670
484527
484241
483844
483248
483020
482984
482689
482605
482398
482319
482225
482223
481892
481807
481553
481403
481062
480873
480484
480284
480235
479987
479763
479475
479227
478698
478348
478315
477804
477771
477769
477712
477224
476459
476405
476204
476198
475978
475080
474920
474229
474008
473920
473853
473407
473400
473005
472985
472924
472829
472783
471801
471532
471277
470701
470516
470462
470361
470274
469211
469161
468712
467864
467595
466908
466760
466662
466599
466510
466443
466348
466152
465976
465865
465839
465802
465707
465584
465427
465201
465162
465113
465110
465049
465046
464980
464904
464831
464589
464113
464058
464042
463304
462527
462272
462209
462132
461492
460778
460720
459933
459490
459426
459288
459152
459139
458882
458000
457698
457381
457335
457297
457136
456997
456960
456372
456216
456049
455729
455514
455196
454895
454717
454558
454216
453919
453753
453323
453051
452543
452453
452224
451733
451692
451575
451342
451138
450832
450419
450171
450079
450001
449860
449782
449739
449556
449478
449130
448067
447915
447857
447692
447413
446916
446688
446536
446463
446399
446218
446063
446013
445772
445559
445417
445274
445179
444046
443907
442655
442560
442461
442398
442326
442285
442125
442046
441959
441720
441673
441281
441202
440954
440657
440603
440440
440048
439819
439748
439729
439397
438904
438354
437902
437739
437445
437231
437142
437085
436832
436531
436003
435935
435047
434999
434975
434888
434881
434828
434791
434157
434095
433996
433517
432960
432743
432636
432414
432279
431332
430790
430140
429841
429810
429328
428279
428125
428010
427985
427879
427804
427771
427629
427618
427427
427309
427000
426732
426275
425893
425667
425590
425442
425237
424986
424926
424720
424644
424514
423936
423698
423212
423109
423053
422896
422079
421863
421477
421275
421015
420932
420918
419918
419821
419391
419153
418834
417207
416726
416380
416262
415719
415718
415475
415452
415253
415065
414963
414511
414459
414230
414003
413680
413470
413083
412838
412660
412653
412385
411777
411605
411237
411217
411064
410935
410587
410361
410266
410241
410080
409805
409714
409476
409396
409329
409307
408962
408738
408417
408278
407911
407751
407746
407588
407401
407202
406678
406555
406250
406156
405183
404891
404678
404663
404663
404203
404150
404082
402964
402681
402635
401530
401523
401492
400979
400534
400425
400207
400184
400137
400135
399753
399449
399422
399041
398983
398842
398539
398349
398119
398113
397936
397802
397682
397063
396774
396275
396167
395814
395608
395387
395285
394925
394588
394523
394508
394312
393897
392924
392689
392342
392225
391553
391529
391324
390666
390652
390563
390039
389470
389348
389012
388656
388251
388099
388036
387985
387892
387354
387250
386383
386351
385837
385630
385091
384987
384827
384208
383712
383654
383382
383363
383244
383199
382894
382659
382451
381937
381701
381526
380938
380586
380042
379966
379796
379415
379321
378831
378365
378257
378228
377977
377954
377293
377213
377071
376859
376580
376407
376296
376229
375809
375806
375540
375216
374800
374677
373572
373251
372983
372841
372660
372511
372169
371842
371782
371761
371716
371241
371233
371222
371214
370249
369827
369783
369669
369512
368581
368451
368006
367432
366769
366673
366565
366514
365850
365654
365047
364849
364550
364398
364350
364193
364078
363703
363490
363335
363273
363252
363034
362991
362854
362845
362514
362473
362335
361876
361822
361762
361683
361651
361478
361282
361170
360955
360378
360065
359818
359592
359552
358803
358740
358641
358296
357522
357481
357288
357168
357141
357065
357048
356937
356839
356776
356538
356345
355326
355137
354736
354723
354417
353866
353858
353801
353154
352957
352612
352441
352216
352107
351540
351507
351489
351050
350987
350892
350852
350808
350518
349729
349684
349542
349379
349356
348816
348776
348396
348368
348143
347630
347132
346990
346264
346142
345497
345427
345263
345227
344998
344749
344593
344328
344180
344096
343999
343215
342921
342879
342750
342117
341974
341828
341472
341451
341375
341236
341219
341118
340320
340312
340156
339958
339737
339361
339066
338967
338880
338552
338483
337805
337785
337767
337125
337038
336965
336839
336828
336706
336567
336562
336470
336319
336234
336091
335697
334799
334375
334308
333831
333721
333588
333302
333066
332992
332739
332668
331638
331095
330673
330436
330336
330259
330010
329788
329014
329004
328797
327917
327765
327662
327540
327498
327322
327149
327140
327020
326934
326656
326512
326357
326295
326136
325529
325388
325307
325207
325205
325012
324616
324116
323289
323112
322721
322552
322493
322426
322382
322054
321875
321477
321112
321076
321037
320933
320863
320582
320439
320216
320156
319544
319466
319422
319194
319093
318569
318163
318099
318007
317688
317362
316849
316848
316800
316285
316270
316198
316099
316087
315875
315459
315348
315113
314801
314640
314552
314454
314388
314327
314190
313719
313613
313531
313292
312413
312126
311822
311798
311479
311383
311313
311286
311211
311116
311016
310997
310320
310294
309707
309308
309187
309086
308664
307465
307124
307105
306896
306827
306790
306731
306644
306540
306441
304839
304285
304175
304073
304001
303564
303442
303172
302248
302112
302065
301717
301222
300981
300745
300112
298906
298775
298597
298455
298338
298045
297808
297344
296198
295758
295696
295617
295605
295327
295142
294648
294607
294582
294168
293589
293470
293329
292513
292465
292417
292248
291824
291796
291777
291548
291212
291058
290588
290489
289907
289644
289611
289400
288721
288375
287891
287622
287412
287403
287167
287129
287069
286608
286341
286313
286268
285440
285252
285045
284592
284566
284115
284074
283774
283469
283161
283083
283031
282511
282457
279992
279676
279401
279345
279137
278881
278713
278412
278336
278100
277644
277172
276925
276881
276173
275692
275222
274786
274511
274462
273536
273268
273250
273112
273086
272738
272618
272371
271624
271375
271365
271326
271213
270883
270628
270611
270238
270132
270037
269835
269793
269754
269736
269637
269404
269031
268307
267592
267528
267499
266460
266257
266014
265388
265343
265070
265066
264890
264545
263913
263696
263451
263216
262988
262917
262871
262792
262727
262652
262393
262363
262227
261964
261804
261699
261486
261338
261196
261012
260906
260614
260105
260044
260010
259982
259916
259269
259220
259167
258921
258741
258527
258442
258250
258052
257632
257132
256988
256942
256748
255933
255783
255701
255516
255507
255463
255459
255260
255243
255020
254886
254768
254405
254221
253349
252622
252385
252137
251886
251468
251445
251060
250892
250683
250642
250136
250079
249440
248505
248314
248245
248151
247749
247716
247691
247595
247520
247076
246702
246114
245860
245554
245553
245131
244931
244660
244602
244543
244106
243658
243455
243336
243151
242836
242835
242773
242269
242237
241684
241436
241149
241116
241057
240876
240820
240512
240490
240487
240479
240474
240460
240234
240022
239820
239516
239329
239234
238976
238722
237616
236903
236857
236596
236430
236154
236030
235716
235587
235488
235204
234913
234793
234528
234295
234111
234089
233824
233643
233240
233194
233107
233059
233009
232874
232759
232432
232153
231775
231722
231488
231247
231142
230741
230231
229958
229888
229846
229471
229181
228905
228725
228238
228059
228034
227745
227606
227396
226864
226771
226591
226392
226265
226089
225522
225422
225238
224621
223923
223709
223696
223439
223126
223078
222699
222646
222528
222363
221882
221423
221290
221163
221046
220687
220013
219895
219602
219215
218933
218644
218568
218497
218242
218115
217931
217922
217832
217826
217546
217434
217395
217369
217332
217236
216729
216581
216425
216243
216129
215890
215687
215391
215376
215358
215277
214963
214893
214756
214699
214605
214564
214564
214370
214369
214341
214149
213995
213250
213018
212708
212329
212285
212240
212122
211641
211619
211465
211442
211159
210943
210552
210453
210375
210307
208859
208617
208520
207207
207138
206801
206789
206689
206011
205906
205819
205607
205582
205385
205322
205192
204966
204803
204786
204360
204181
204019
203250
203197
202974
202700
202211
201856
201356
201093
200955
200799
200754
200707
199917
199910
199584
199274
199200
198956
198602
198203
198075
197844
197678
197323
196940
195944
195553
194761
194745
194300
193787
192988
192912
192707
192673
192627
192494
192265
191946
191781
191747
191465
190871
190844
190734
189914
189824
189448
189398
188320
187657
187521
187418
187324
187314
187305
187216
187157
186985
186498
186321
186250
185986
185621
185592
185553
185404
185355
185307
184986
184209
183742
183665
183644
183552
183141
183062
182754
182732
182663
182132
182073
181929
181905
181747
181004
180703
180432
180106
180032
179909
179647
179407
179212
178707
178433
178423
178423
178126
178043
177935
177599
176615
176609
176321
176235
176077
175893
175708
175548
175105
174690
174662
174523
174128
174073
174012
173398
173298
173007
172990
172909
172589
172385
171705
171585
171505
171458
170574
170557
169106
168824
168675
168580
167290
167272
167268
166956
166584
166535
166502
166196
166168
166113
165635
165410
164669
164104
163687
162588
162312
161966
161412
161377
161305
160632
160470
160423
160104
159741
159633
159439
159209
158868
158758
158595
158069
157729
157163
157076
156997
156047
155947
155896
155591
155565
155101
154593
154589
154574
154250
153768
152706
152321
152206
151949
151873
151811
151215
150832
150712
150702
150131
150008
149898
149535
149409
149275
149168
149148
148950
148797
148116
147816
147502
147343
147185
146750
146735
146566
145973
145700
145220
145117
143182
143029
142871
142340
142332
141455
140242
140101
139968
139945
139679
139408
139178
139170
138768
138374
138261
138163
138143
138118
138075
137477
137126
137059
136622
136480
136460
136205
136136
135785
135584
135197
134893
134769
134570
134517
134451
134167
134132
133815
133590
133527
133322
133297
133232
133176
132858
132397
131780
131744
131513
130691
130676
130658
130629
129755
129140
128969
128739
128738
128578
128128
127122
127006
126914
126740
126538
126536
126170
125210
124954
124814
124682
124623
124091
123956
123872
123779
123710
123011
122575
122557
122426
122372
122165
122086
121902
121790
121676
121051
120975
120925
120234
120184
120064
119726
119351
119173
118898
118268
118191
118175
118076
117709
117172
116920
116849
116763
116678
116677
116373
115828
115686
115363
115040
114666
114290
114198
114022
113972
113351
113181
113165
113047
112789
112672
112559
112301
112284
112041
111951
111462
111294
111215
111155
111111
111039
110981
110971
110860
110311
109776
109714
109501
108756
108729
108451
108104
108049
107912
107201
107033
107014
106965
106909
106496
106293
106196
105774
105023
104900
104873
104153
103723
103675
103595
103569
103432
103092
102984
102466
102298
101884
101210
100821
100622
100596
100437
99735
99480
99479
99406
99268
98736
97648
97635
97556
97498
97422
97236
96846
96188
96184
96172
96103
96047
95923
95853
95769
95697
95379
95185
95063
95061
94658
94441
94409
93961
93804
93789
93784
93449
93358
93349
93296
93260
93129
93111
92598
92589
91855
91652
91404
91382
91202
90701
90619
90579
89886
89510
89470
89309
89247
89209
88789
88592
88575
88210
88169
87884
87841
87685
87667
87303
87294
86171
85948
85744
85125
84755
84195
83723
83606
83591
83537
83535
82515
82348
82337
82253
82111
82028
81695
81675
81320
81215
81122
80519
80465
80452
80421
79614
79610
79501
79135
79134
78977
78861
78771
78206
78127
77676
76310
76269
76064
75951
75827
75505
75484
75152
74886
74531
74492
74319
74139
73968
73448
72745
72695
71826
71791
70602
70126
69822
69045
69005
68871
68765
68697
68173
67801
67689
66996
66977
66387
66372
66217
66157
65980
65350
65200
65071
65039
64312
64240
63991
63901
63887
63655
63636
63560
63434
63365
63322
63078
62842
62829
62681
62625
61281
60782
60613
60577
60535
60261
60249
59215
59094
59007
58860
58248
57966
57662
57456
57376
57313
57135
56470
56441
55906
55896
55871
55601
55554
55403
54880
54849
54770
54440
54089
54061
53944
53849
53801
53722
53704
52915
52532
52170
52150
52078
52057
51904
51741
51492
51233
50955
50714
50630
50578
50477
50335
50015
49629
48386
48330
48241
47762
46645
46407
46206
45842
45202
45059
44998
44757
44757
44599
44540
44419
44258
44125
43968
43491
43158
43073
43057
42840
41684
41475
41363
41203
41077
40916
40533
40105
39991
39793
39567
39397
39192
39186
39108
38362
38123
37231
37134
37109
37092
37064
37048
36743
36562
36329
36240
35519
35221
34927
34760
34606
34495
34278
34138
33742
33566
32656
32548
32439
32340
32188
32041
31851
31182
30983
30601
30551
30531
30196
30075
29569
29566
29448
29425
29264
29081
28917
28749
28662
28627
28293
28129
27757
27292
27265
27047
26751
26568
26475
26399
25851
25673
25596
24887
24448
24391
24390
23807
23631
23421
22922
22773
22184
21680
21442
21301
20737
20513
20465
20465
20180
19678
19651
19602
19415
18285
18264
17913
17811
17810
17479
17307
16565
16312
15839
15002
14659
14534
13879
13545
12852
12809
12477
12444
12075
10949
10900
10877
10634
10235
10184
9919
9849
9778
9533
9327
9004
8977
8715
8472
8446
8243
8067
7676
7559
6713
6318
6228
6044
5816
5785
5507
4971
4315
4308
3569
3445
3146
2650
2184
2099
1195
1089
973
669
454
424
391
87
31
