817931
152439
147741
521456
455512
389828
258309
640226
215799
166984
688313
999924
29037
592836
172879
989716
397189
689153
134310
846812
785008
555112
690392
713399
796260
924981
319363
730813
584450
693537
531815
587855
538248
519961
693714
804394
528885
63347
94926
301934
910085
751588
464098
489569
20700
240281
393414
176752
156021
879438
555704
113573
845790
573160
171589
854743
805303
391065
915759
945235
110516
170165
339218
133552
988918
131981
928245
432832
115000
232104
121016
370538
452447
558026
959304
694195
494793
595941
565334
133687
222053
598379
302842
559862
212946
601870
306571
24694
130642
867521
45878
720044
234512
647229
725837
850013
661218
214410
623154
776201
965516
40509
904404
565645
814477
847156
80561
247992
788423
18768
14472
671458
957651
521479
316880
836399
276132
41704
41787
980802
861660
531234
823403
493791
916525
725694
984630
941219
383574
489273
690936
101716
429617
31060
923729
932015
501447
136937
903736
807202
9316
565853
607603
214482
658521
670456
189903
318350
71841
119434
447881
460555
623862
322534
947764
709990
342828
789139
69128
35671
326441
187400
17768
540199
365143
313292
807707
461633
369691
527620
319443
328444
759447
473871
804203
735234
183587
50932
622932
696148
819541
682094
583952
428449
21259
895392
974637
720441
274510
110198
270192
745957
257185
311128
546517
301897
299720
982720
824382
965776
693990
276948
928553
597027
108679
890530
958207
938809
834880
540128
133933
816310
707802
240918
611808
573063
328747
817621
836461
938544
646110
207009
142770
478324
44970
146990
609748
142303
841897
789787
620391
197087
484952
625347
187697
5275
818389
856008
869765
697500
487415
24566
15823
772260
930434
265291
160226
54121
434491
21061
612939
242626
414253
449657
682657
492250
415635
28416
512733
77978
342277
58806
210216
221642
56397
871125
804776
580845
815103
534407
587005
735363
969078
787755
544478
245149
972616
726693
939210
499569
32311
501785
551547
629257
656279
916621
753249
210012
956582
348422
366458
352368
804648
856908
215445
41025
842737
695665
384471
265049
914132
695195
457783
562787
690507
147894
436744
94675
147030
892640
604248
252643
64062
270286
338047
116570
918874
501216
762305
776257
371655
822312
170627
651626
47120
412985
354031
464391
466365
738620
323748
441174
793201
444648
431448
661070
524973
345563
558441
199901
379995
370638
870568
868938
412014
551676
616987
897586
816710
268044
588701
867574
986027
368
146677
570434
113253
786638
179546
230544
55031
423112
957367
712802
216084
207301
610597
916983
938269
681421
882371
550081
247598
402120
877401
863482
841244
235884
762214
743527
881071
59434
759193
752060
501077
30547
320780
327820
933196
787119
70440
380001
809226
30923
953389
932130
506234
957390
52830
307344
368584
903899
696330
585474
261827
406394
802233
707803
192006
577844
897381
657144
658489
351890
875168
598896
999278
671178
356855
732980
234811
142282
469300
877068
819569
27691
958685
478289
270419
700298
822512
833587
856394
846896
61109
788170
406708
774591
725067
76999
822127
147699
166454
776032
59376
362534
289407
37912
199078
553656
639570
401100
704814
917519
372109
481905
134186
638107
494442
785669
372355
204001
292529
706334
924340
317475
518510
522903
924429
913606
742678
346812
299379
30988
254220
525952
956658
405557
32842
969161
959782
695135
607358
219173
399905
184715
67501
872602
76094
671112
101674
122234
156334
980511
696048
779960
707112
233559
49344
127881
351482
540047
332872
340693
343869
278848
156794
24153
34404
498655
991312
622488
36436
261228
335417
61823
407900
941187
126019
17241
810583
595087
736727
617845
920863
517324
928270
237171
331332
11623
281450
255598
804791
224179
968747
326878
20417
608205
202128
732689
886466
219485
332320
867101
84708
578699
368724
757120
758862
278633
639374
795977
162602
863051
416785
542580
642294
758864
598192
523570
545437
204393
947693
463657
517845
183868
982942
265454
180943
351971
320521
361740
365103
812100
181797
771137
915774
398160
805036
302406
586239
802075
709705
873098
684135
487858
115384
835054
948454
837929
330364
532225
599560
388540
593978
55593
626831
328527
681906
305432
156847
659240
565120
22937
179621
543403
550851
411242
1198
406763
627905
330112
537994
298804
188832
819104
971593
867392
907916
880739
342284
57135
316645
38245
375417
302375
537254
171689
206769
553063
710147
531815
701391
945483
882436
632675
745002
309585
512532
932129
227816
990901
289683
823580
437734
657329
667516
482771
233188
859757
367134
540286
675466
120364
117963
383347
766186
233543
73525
129799
557643
281821
664494
962671
182085
592740
132846
565438
280538
492578
628587
856160
902618
248899
544526
82881
195852
36315
714717
613224
106323
108481
208666
427843
872061
614205
716073
410425
306390
656723
935856
16169
740532
262528
958355
796199
23068
899822
361103
557119
158463
66494
626215
642907
7633
253710
531408
940638
970650
283539
366855
732007
724968
617704
186518
439377
902135
739403
815312
648124
51782
121316
2380
526253
363746
610241
935970
907806
397492
282499
316843
858339
502588
954070
324831
498728
704808
565609
107127
227846
579479
604825
867060
255153
37050
577377
238584
530993
5399
292305
394358
745408
709226
389148
254308
55539
618959
101291
236678
597171
169901
723701
225096
637768
36931
633121
812820
436336
90894
994895
429308
489689
159866
482995
654438
865256
371830
438456
882153
747255
164838
896299
507992
156130
16581
822160
983936
40366
567338
717226
409165
585317
88619
473709
806788
635445
184352
992976
874293
584366
202328
614576
789417
951365
80653
846813
603323
133539
257289
238099
859418
499508
830345
483268
338848
73604
372582
20105
252652
548744
675680
438762
775728
261685
228130
356
549253
66099
415183
440928
665849
746953
270116
23074
695768
733902
103124
489929
512539
391925
487509
174858
32982
94195
892352
25029
499178
615172
716726
708244
598945
121176
602541
289722
546531
181199
681460
189214
226741
772467
845866
258681
643331
213292
224714
856913
206526
319982
792142
739828
844654
855107
440057
433878
531366
511179
905465
514781
582606
256779
659150
875041
996410
861477
234373
630986
183862
811339
502563
793797
670923
628619
87580
208792
738583
817218
450914
553418
512720
269759
177281
376771
715240
992621
643368
262089
144520
432063
562095
198550
965884
517541
860521
159855
61761
777595
971654
704433
16393
529211
898701
135753
791402
193272
344876
391114
786209
246771
792725
363411
771249
186681
663955
802743
132132
150912
594127
293406
969327
518513
416093
56633
860658
894313
661909
490644
512834
372432
265021
426890
103434
868619
672827
55058
846219
613118
764313
349250
200331
603765
808253
613903
187890
933307
194556
460397
484683
425407
824652
123917
305110
940573
856382
535044
615215
46264
964681
971648
876597
484661
401402
434073
349195
17132
915968
110216
962359
776136
33085
426990
901344
213363
274591
220794
350303
97132
659586
501999
283023
782585
220276
137086
799146
154989
330587
526962
266248
229443
360373
21096
447158
379553
540154
374536
867043
563156
949612
28449
906263
714918
227657
374760
492678
683646
942694
451562
811044
706404
558785
708376
147319
432047
586733
578945
842168
933529
818672
604171
340614
981353
510581
758894
493771
89789
999187
453614
593756
493004
518082
405894
104333
259989
912401
206065
687553
215180
542268
937965
920569
195945
912270
657858
47028
448587
467535
883285
213873
641303
556571
498511
907086
55518
776840
644324
718847
6286
791106
227368
153786
437968
230928
657800
913442
943123
488220
303938
985739
160590
36647
938732
910244
622972
421664
145225
790158
644261
211363
246861
978433
765083
9821
833318
878116
606055
100507
363734
965957
719016
409336
646534
973514
171387
255303
218722
141438
150670
791192
777383
600309
834128
127682
852258
225351
132917
881231
850653
762528
690459
289440
454579
630002
691623
97192
104874
561594
622245
132645
968243
177846
107826
864262
350463
645508
355717
258350
992717
817655
526868
941192
67820
634405
571245
10620
979304
108096
675246
839006
258658
917019
489973
862924
954693
488222
735979
664327
913849
462598
613101
613906
261425
604435
683258
969354
211072
542780
539605
599584
53539
213421
627172
440533
805531
507986
38161
378986
535686
430618
969283
507931
827040
12841
799069
600281
184004
343732
419832
207365
446748
335162
541941
4411
437014
260832
177370
877307
126783
683047
404954
773272
594831
112562
821569
522594
916104
634596
791434
679469
914976
777997
720024
926985
405832
104781
99558
744676
143053
353676
999806
846585
207355
484025
10958
363635
966593
635340
384555
866170
66475
842986
264000
100820
130329
331917
447899
750456
976881
348112
87532
616802
201192
781260
83965
372320
906242
282469
720864
431352
221312
187209
245787
550027
998181
316394
695786
480292
737290
647463
252364
375480
363422
922491
806374
673152
944046
491836
215176
865533
823402
79509
942400
908648
931500
700390
384917
18391
219602
659631
212097
255012
272389
421008
469247
607135
151904
143702
30076
252213
439479
855915
222323
292392
259246
558935
96180
543098
790477
36698
856907
886203
405848
783615
441038
290479
108901
257334
79826
849089
386306
613347
964120
87202
939213
184777
801561
352383
12822
233361
140065
316231
204467
916628
820756
487818
697857
991422
819060
167769
844788
505412
34417
456444
895492
615870
297060
770460
464934
719010
974598
818876
14766
273314
81623
143699
229236
56758
722330
138911
668291
110526
29143
928066
492195
290757
499602
602552
369399
175052
779268
100946
903016
51926
490163
444468
41136
859081
662276
134336
972367
230316
689914
263916
950348
261096
505190
301885
339628
209234
837697
562158
930174
109848
12426
92205
228932
202694
727242
83410
4199
145171
646738
935464
832260
215737
451057
791349
775565
100182
186253
700306
607892
397136
377054
563208
194322
679387
383373
668138
732468
804041
908675
933493
566288
177234
401328
941786
194969
848070
329310
469359
916706
631635
954155
495586
270880
942396
281787
609659
71987
656993
325890
323916
364823
119350
683716
49718
72806
351268
694758
395208
459942
638074
129459
3850
781843
921605
438127
368479
662316
851764
79521
927649
799442
923063
344025
279398
578688
854020
388138
532100
50479
254975
904989
652934
515790
673839
969836
171516
655711
309464
120039
749606
739541
38795
655750
937357
950894
916653
480538
902371
282396
975914
540488
39949
766944
981101
65745
151180
37148
769794
370309
310137
334433
953991
923822
632237
125435
47498
773407
902901
425687
535601
164086
428983
779250
9742
383076
534973
597783
252598
436284
841849
223742
77919
154542
838477
649713
804672
722677
283798
299570
476483
426236
662631
657003
325060
618703
258691
813103
520237
526305
405544
197069
949468
528015
129513
852750
626035
975113
708120
628586
337949
447664
633482
559691
318453
584553
92133
538154
44241
269212
351082
91303
748940
4913
374473
717548
877116
771559
586037
765546
497993
520100
939610
284821
648268
731262
363277
624608
679884
142002
202314
812555
951259
826124
501902
906078
619470
304753
842636
576524
866067
257844
970209
159931
620610
709709
645211
288075
733771
269500
979772
999608
595737
121887
24901
923481
395883
983649
525645
725476
576099
168670
570799
513566
542881
236830
329691
308934
372211
441550
190650
6879
66466
336242
394088
475471
904043
451691
687693
569691
560063
914388
622031
874931
970483
240097
851979
936107
362125
307457
212660
577284
477594
693154
398179
671567
786733
133234
787258
382181
395212
864354
331921
463018
436064
994316
453742
680567
961397
852945
576689
799044
739224
482408
266471
856640
904293
40322
943308
653224
111999
909493
788419
468437
700900
734919
774053
34016
382047
441648
712728
695325
142314
526396
843412
514426
374059
561291
750688
790683
724949
899893
347533
104766
799429
33641
243153
528046
637287
911135
64379
81767
844961
803166
202457
879008
361666
973174
16644
637333
105133
495811
741822
411154
160668
55546
219430
460223
752475
452774
99324
144300
967602
846616
344748
613924
90561
471629
713428
853336
450650
679910
384850
324024
884169
680552
57131
55936
270175
275202
646436
538343
111135
221462
187737
173430
798745
595136
657762
373106
30425
667829
219310
603114
823392
368173
820685
808461
710963
352949
174814
690275
999641
78642
889673
246590
415750
34467
924999
838220
76845
474670
609804
795718
485787
570910
171035
244590
164344
894778
95808
393299
618361
536040
677950
2226
557996
963923
784153
131645
684202
946784
215883
552892
896599
459767
40228
399302
478051
530536
916207
732114
667738
399957
752649
701430
47173
207603
999521
893434
332595
651188
496715
272491
492340
714591
82576
850341
589241
610843
99050
844509
385819
544491
521145
624183
543951
761983
685458
184190
200901
629263
495869
236323
810073
152470
544026
262188
397486
440699
798126
32826
803975
99002
385506
167790
58276
435327
522932
279963
757610
666851
833001
132301
220095
19170
125925
18805
217221
726071
223003
274422
294865
458106
551452
417198
47726
634965
49785
930890
224781
409636
388792
107388
212309
851599
635215
685660
266202
1831
263551
247588
846753
24123
855986
460927
546802
635240
921251
295767
398039
360712
10326
283249
790506
933539
710156
733930
846744
329870
156196
588062
854738
518703
420356
231192
282780
991919
503021
175873
974523
536490
686148
983904
353991
512417
688973
183399
857966
108004
408737
221130
357144
658311
25853
682948
27639
133129
906300
113750
990850
327602
43586
773311
52417
121610
748427
575461
39938
413288
916380
275451
564280
977568
481991
693980
510825
552389
602556
396277
204620
913221
705462
780701
987398
560818
780102
973772
894592
917605
198702
277117
226951
604888
909970
166761
74017
456058
65274
6260
265706
410232
9157
702610
803402
326274
94294
507467
553445
58917
965582
46114
873568
846676
798855
442728
886788
175542
476817
102888
317460
802925
838065
312920
160647
553087
944686
320508
968633
828311
779709
972192
207389
519301
907757
300709
960966
143835
410593
678789
243237
594421
843785
285906
314136
833753
51579
670592
691438
240981
424103
133332
999368
82351
584355
503669
401737
756508
552024
640058
130012
47761
146965
642095
535682
609891
767264
332193
171456
298565
705132
37341
637291
772182
848421
81532
314933
988999
956411
685511
658615
842631
695552
162945
409725
198517
274190
400694
959729
20734
824864
615775
98316
111507
648584
292735
552676
225061
57567
22538
49021
962935
831246
687686
108909
909661
234901
68203
430612
925703
141127
479225
499738
378817
41383
493325
23480
365498
638217
149336
889345
650937
268304
304327
611876
138917
622297
946505
649869
172352
99498
354200
551730
860642
663742
959744
618111
931822
251420
656905
658620
315457
623384
76700
463383
776507
49573
48769
810388
440883
368497
64145
186031
980202
773296
60131
908948
556204
141909
259114
16168
364613
850959
110552
95831
763683
791283
608992
232146
524452
737593
390846
365966
697736
315604
48817
668295
957132
556988
45218
974256
47843
435892
454075
931466
147847
840277
516796
279478
530992
147177
657289
595906
910817
943062
169841
920011
239423
458769
266662
895998
537481
973088
551901
465967
539458
779854
275071
686392
552412
310514
909204
942214
947202
657440
697680
689065
127742
52801
818572
866850
656890
823700
726467
296841
456881
966256
49122
699651
647664
759725
139928
452893
638299
776257
17054
845017
544564
232731
956264
375775
870169
878198
446796
603959
659511
513742
568309
149492
6632
801177
101793
719653
888061
232795
848490
448167
776489
6463
698210
411085
387718
78677
962109
914809
215083
852768
364849
39338
213581
800245
877203
963735
110152
810370
262543
801026
337110
216348
809297
26166
512452
256095
226323
93432
723790
191385
89303
508524
611912
431209
543625
445858
395476
783540
192860
982981
530111
394244
231831
161739
653197
22702
919392
379762
829857
50786
428419
66036
886208
25132
959168
200766
792654
592263
757000
2451
643059
401878
336645
24004
764825
925758
782534
974983
890478
167996
468371
818411
123085
926886
918995
78375
635828
609584
823731
838551
660346
597751
402772
611958
338944
815682
426825
118744
442523
462037
195084
21446
789113
832053
687749
836156
437130
779245
926700
563201
372984
643883
301557
62376
464453
410115
248227
835506
909191
444435
203208
673010
272067
415260
199264
571367
475466
896680
816747
434828
783497
719058
459700
337386
904033
344939
87032
540001
821777
420807
596424
33235
871045
183572
32259
106935
858725
585198
668751
336251
755873
839743
805596
417269
590676
594128
805823
485701
695996
77284
504184
908534
391489
391882
619284
51232
513303
578702
213796
192030
943583
205718
564493
580051
437571
12354
27434
615435
597798
573887
613576
267348
802901
41821
26148
139688
262855
763121
853582
44518
142899
984511
460352
549670
875210
907611
873028
729691
360386
76524
619921
268222
750053
451519
50123
135115
897403
550820
131357
293023
364272
727046
105940
275912
81313
985693
670294
25863
372136
750090
535826
74755
72760
630621
327628
13846
904481
565530
782326
206975
91289
666491
117557
872044
452197
724156
262907
980649
844384
607244
365808
907150
884775
723287
615755
396194
335728
299973
966331
211637
404716
493106
776941
779987
478447
230501
744747
247981
488563
260737
752221
636560
189134
91469
416825
192464
115357
374106
196757
613894
888426
819969
880274
558080
833279
917602
166052
726336
583916
561752
828125
866102
465283
201587
651354
229681
961186
269044
921997
385814
504472
457777
762844
792944
158733
888991
13510
211954
500020
322515
673854
861360
152586
349785
152141
199400
984422
939996
689428
355130
926371
801478
367803
524614
742833
767440
52483
98457
852629
818534
466412
893404
475298
414273
350868
623404
961152
521141
326753
664503
152646
97330
638588
243091
20130
822317
436892
408523
616829
544121
634490
538776
605875
257839
658446
671796
226489
426184
611679
655346
586925
106030
456970
964646
598529
654561
840946
49754
698285
754433
86751
243621
746479
119428
701506
586919
131607
520403
468298
407201
166431
705906
822301
127641
317076
382646
746791
574546
671326
668089
867171
3047
322792
330746
769786
166777
24371
693324
827161
20101
547424
289697
972451
60347
672377
238755
933258
892721
631920
826479
408618
332031
129787
972191
552824
243014
766053
95718
915918
365049
814187
399308
683014
567181
815584
731437
653309
335878
384065
9219
904468
810607
945828
641958
499245
351260
879624
520452
908542
446682
667393
914963
48790
754959
217402
59363
961369
203868
479887
289761
197953
373779
839504
353008
918035
835556
539364
903779
553518
722390
568211
268517
650143
577242
25295
270325
156663
436485
966757
280995
45
185545
132845
694636
258630
453795
757050
701983
625036
703611
866235
585253
136757
712510
95122
750502
344774
347420
58973
367753
189116
386617
755086
798730
855224
157546
296731
957869
796072
927697
522381
374323
922398
310878
668657
1025
687027
432714
347092
751424
419164
236852
522896
335328
800626
107325
58115
212387
818431
932721
652100
385028
876723
844234
688966
312248
5960
122384
584720
441504
268372
186135
715994
727969
526109
153322
907844
38787
712135
192769
759796
524499
623773
776153
797381
880656
44985
981620
550606
919672
695814
201362
181354
26343
106076
961796
208444
879969
15254
77706
212095
291877
311684
30608
138803
129200
841520
286856
973126
74089
641571
252395
94662
402101
280011
698790
596489
54327
25079
789117
205592
24910
504281
282461
216333
488892
365222
102247
24752
154934
204109
216300
434511
43244
689055
695499
894547
261143
372743
893055
223996
376995
162609
917919
181737
677826
796598
963507
445871
936735
958678
596864
182760
313336
860688
813610
405694
663704
215713
520424
750081
845957
533074
119559
125010
573356
576146
38779
940317
988921
641612
375340
253794
413847
42379
304066
234935
656614
806273
537278
799604
860461
138760
918254
134309
113995
640331
180129
99225
953027
617802
8568
175904
441260
83689
809228
708595
733342
198932
9
677374
895785
981624
223245
136773
289644
78055
604472
755363
3380
272237
72065
599759
665151
196218
796020
420770
460879
395895
4329
219914
337710
505637
791832
801289
182108
789930
49170
346798
227591
721393
308351
791975
69249
581886
126670
925173
440433
297059
612182
684635
341642
844602
831569
85973
202405
612547
135255
576826
504053
26397
884764
386018
694590
612459
673786
611228
286434
419653
897121
372254
743633
383215
440576
346185
137217
781061
340141
396287
575683
407249
490169
808199
102162
466831
867998
855019
90657
482543
286410
27134
170797
696131
385492
283138
363868
545793
431928
104950
422482
806042
506445
973267
332026
887479
829070
118706
554123
611312
297064
49538
870673
497118
791832
408648
621570
232190
448816
170376
720059
526998
878309
52143
76730
3615
275336
286282
966496
112650
463190
574247
432432
329053
177897
128383
36235
38360
319844
195690
137060
592249
473986
353541
408876
985989
731512
169050
491005
490187
733506
521799
507359
355394
901150
3914
686951
400536
17133
331943
471559
894714
679445
631791
306036
646859
661377
790959
772516
628822
880539
811563
851911
774870
504855
243181
874336
824211
704993
326262
154741
203020
700325
434892
400794
978601
39519
771945
727164
860693
507001
40163
513661
73545
653017
989456
404250
677296
707690
323735
459801
578313
558437
439848
849486
35513
545273
866679
494057
943351
60015
74254
758825
552023
323065
530671
634960
571570
255397
498985
844816
798946
63592
86610
960299
505768
12188
486635
932868
829307
870303
183401
399577
320461
688466
133977
751653
619796
886754
582663
230381
956393
116779
217425
249705
794112
997806
835145
735705
486027
621162
546858
520229
240159
667350
824640
729257
48274
86705
368566
666154
484389
557100
855173
905773
440766
351211
118120
187469
936565
820987
207238
223375
107932
438456
73929
722869
368226
219680
338876
775008
513172
402603
712283
227730
238145
449771
157375
855980
133411
803289
814648
920474
728038
332147
37357
184637
564301
80917
628001
579318
601836
754088
511057
483210
474367
351693
628991
21471
251778
509622
806558
875861
396373
391928
692694
846789
544612
432657
659768
810961
594181
831142
716761
777931
331192
467441
75922
464625
493402
823502
1718
179036
732746
570863
966393
832546
414103
717124
938227
584968
567095
591133
836580
967154
593859
490766
802060
323146
528109
517378
950676
67124
739434
977455
707589
559994
981681
744675
649072
376281
595366
144561
20566
354051
491493
249060
744205
98916
267736
949873
780969
547753
437867
817036
170601
788554
291419
543180
936704
579948
342971
724129
314930
917204
679068
832915
438940
551137
765667
506993
701815
582120
440146
687377
499854
123511
879284
723631
961212
557105
308259
290069
563580
87786
95592
846234
253120
145394
665093
418673
791128
678879
348263
681183
575405
541133
899216
667215
110063
972464
899093
960745
630530
656509
688045
880926
129728
944422
780279
991
176963
621536
941251
323345
472777
25226
236020
570468
41042
413548
393873
345196
323827
231296
776727
364158
215089
323420
87450
574561
245974
205349
709127
727251
717544
215554
227416
897885
565989
747774
255538
523270
140905
788651
155071
751355
878952
671067
625598
291073
63255
294322
422393
492157
473114
59359
653726
85264
749157
420537
207971
869176
725770
265064
865608
644552
815697
296978
562349
862643
770917
224679
86965
782576
789455
829296
221061
412273
989490
925768
957916
145738
730195
819331
973626
803426
122939
107164
966192
732571
347037
578300
826804
730816
60953
524414
862489
819175
282913
990009
450374
309305
604087
362503
571252
185252
493071
231102
643732
551307
752090
627889
960154
785263
893418
605382
811582
80344
318708
601879
81565
259258
704482
199248
686999
100268
923752
687369
749286
927884
166774
315258
790152
889701
663192
230996
563828
166131
553320
890867
360966
341206
8087
152720
749524
300319
655171
359363
753998
314734
733105
464872
416747
422877
165643
660036
533818
824867
925437
12697
112521
769442
639085
354604
759173
331396
374861
18428
772802
552798
949951
56941
194209
652764
895770
260915
439719
398200
427962
633116
435038
271904
381912
972847
357041
774610
95134
878805
189938
53996
644646
787599
307166
66368
680448
631079
201449
645694
335483
317721
302907
179844
337963
521608
548664
75333
503705
197125
997353
829588
244131
828329
317987
323657
589828
668977
425096
898522
500106
132577
880641
884600
905702
51336
938092
516693
14832
738744
265211
585650
902024
662581
449447
753125
294677
63469
363492
187326
774053
38635
348414
65305
315416
451412
957945
531299
206291
524034
699859
900826
902318
124628
809012
256689
306933
568869
591511
95721
294141
222580
290601
354073
32849
313632
742245
964022
816806
139824
312002
76728
655890
293988
734701
223074
842530
618385
514524
978647
71298
347525
485513
149134
460203
301876
981134
98850
998996
54487
816425
607784
532787
708367
947375
561539
378541
294546
239582
853696
67524
829055
251848
111604
508529
751626
320276
244277
74728
809758
514542
355035
731224
448824
230425
261720
340944
422264
281282
723752
713190
645440
356065
488001
792258
282564
622588
434394
622722
678180
72147
427347
373537
23009
925226
960604
754841
578519
47906
320710
619374
875413
864720
788326
404644
548302
696092
346775
342539
372140
797119
473653
39786
625576
629343
854037
115692
122198
58298
272765
72876
122705
236981
518472
472154
869382
909066
863474
784573
668797
745507
571344
1519
289490
114373
927914
198152
938466
376086
491666
765877
233642
394893
615913
956337
398968
462295
807857
712442
374742
239256
158569
501162
657743
641424
903121
8358
464100
815230
151560
107667
242386
482594
969080
473463
655266
968114
277735
572183
895083
164998
502192
536800
602080
544629
488495
606007
713551
69524
987489
392651
287999
530604
913514
235244
720495
397056
664159
281874
793703
740708
18321
757587
693638
176722
517510
74333
460041
48538
779276
56830
338322
277386
891845
578183
153320
395328
895477
325887
134752
285648
368777
251818
589986
65570
307116
499103
441878
363646
805518
244241
927727
967809
539832
944632
689964
449933
677672
939647
80020
908926
644582
217668
743880
416718
121065
431997
461163
100160
752559
925315
769127
46745
317143
605374
118815
383161
514699
3862
182653
943098
116460
745881
461086
914361
945295
959259
520471
735201
44809
860887
35194
295939
439261
871574
304118
194317
86500
131384
64733
391658
982572
214199
237988
121797
889340
173247
702579
315861
825409
788604
319564
123392
285832
33171
206459
333904
137544
325406
694588
632879
275126
95071
494225
662309
415494
552543
339195
798308
860260
322723
785858
406918
660981
781334
901041
94137
385216
514435
289230
127327
600217
311194
281466
772534
266325
495512
136667
765886
463556
203807
790703
517140
262550
424319
29329
929538
95046
227515
958195
912564
679180
637704
296450
762788
411401
22726
330016
592892
149466
711575
326466
900081
479929
789100
835459
182498
888732
662400
577060
235858
734957
45317
554797
392427
565486
465429
621155
500592
102268
262189
970268
885647
184075
315398
935890
881071
51096
419908
32301
774431
623392
305515
391611
173207
843194
790209
623023
863173
726202
450496
647898
205668
498528
494231
249072
999897
83574
229440
913673
522598
247107
636847
45755
149759
908996
74322
778414
563711
486492
68264
424572
53810
646664
479882
71500
830046
514511
73652
946147
586309
208504
660696
956734
773660
556718
541601
250590
173864
984449
931211
719054
399537
858117
412173
127328
889683
20492
234519
950488
817997
858685
455349
56432
86213
9070
495655
92361
235894
722238
680623
803465
679459
986282
725203
540797
124866
738147
928562
899899
448247
880496
48984
772553
554940
365461
445076
91117
961730
306866
89620
198201
931754
938948
489205
84036
998405
252283
375734
699697
625692
306598
275197
176387
569928
545310
704594
59376
231201
918115
799648
599672
913014
255612
633958
737393
444585
133923
354503
657845
62685
417430
528916
704636
798539
774235
776689
993732
870169
721613
839509
288169
741727
177688
735153
565234
578717
70755
534894
236202
801662
289110
606114
163337
320628
141961
869856
459645
819189
545917
737270
553961
148751
351768
909432
157265
492834
582695
151784
575684
465758
867765
487431
281481
721322
23487
992795
775366
964468
561431
524644
551827
482519
881318
259256
413708
442492
46729
882502
473113
237107
334489
633873
922774
104494
198989
177993
65321
95247
899177
453929
147516
215337
798600
235586
262260
234536
267864
125769
953322
217408
194058
101971
186014
307513
333127
533732
31621
675394
128890
799385
754219
827024
166330
244313
985582
661790
126989
243298
327190
767702
970737
556331
27936
446428
80889
259
351940
871856
278583
697884
872947
603297
937520
811662
210115
398051
911637
720880
654567
897952
625954
59229
726881
300655
474782
893915
952810
568770
621704
597986
47786
78636
402145
644290
260373
865357
792076
632509
840645
781894
825316
349937
471525
957373
417123
562228
29455
913399
783170
532042
225320
577061
530733
971570
517398
215432
542847
249150
185139
8764
976374
190710
605940
578196
51399
743519
586608
288699
822028
102737
67070
559082
787645
640527
635917
728294
28852
122981
75714
250882
533771
251882
590578
124337
518094
526318
459334
487210
836192
783451
604640
269246
30795
548207
971777
623431
175223
498463
670408
624723
424800
935258
548368
381368
113075
136878
238688
272089
303629
871099
749310
496075
939723
141704
349586
502563
121719
453334
848400
152953
586159
493038
355905
660782
160580
147366
274106
453490
824583
200617
571159
104835
20391
892871
360029
397907
25039
755661
424242
396096
521573
788700
611786
122999
988052
92779
952776
82131
160860
531997
947335
383435
622774
862737
717184
685973
516415
37299
617795
514817
490191
66854
467498
765029
246498
911426
765763
366765
480905
353811
144957
152915
576253
709910
828184
944319
147033
529658
50400
747495
417102
150773
240792
745933
457751
81800
261515
458402
513319
711414
151161
36345
998015
767737
630946
177325
260281
284400
97385
542605
879987
569350
947313
884347
88951
817934
859437
311535
886702
563497
91156
253607
561116
116790
940219
716922
617504
509722
267856
371576
569901
229482
383346
854693
654783
205844
649541
431221
290111
97462
884696
814387
21549
912206
8030
515343
772917
392127
404747
565183
449359
395375
170829
832369
329417
715404
738740
444772
226150
392069
382220
17876
97616
589708
751706
489359
643496
544086
901470
365135
437339
913048
235367
93065
312816
105033
420198
97950
47626
805064
593966
735024
870079
969617
130918
49076
951126
19771
816043
762443
838524
826289
528806
357498
740024
350804
439189
467918
668931
484029
278703
47849
728044
704928
464821
949278
226981
674033
729408
605251
903040
769608
429986
490243
247221
877110
907272
908861
824724
450417
93257
450177
523178
977542
71133
137403
862052
504056
441722
901215
853152
794214
160625
509958
414798
42776
976114
501048
11211
789775
719890
975317
13860
835986
481113
339646
262930
508628
128721
213141
444811
584809
737839
748200
195396
544512
223173
560255
289242
595394
885589
308563
881016
88476
637670
725313
528418
526744
389824
551475
644657
358015
450641
405146
103788
138853
823456
81851
953653
458148
965709
166062
578863
216925
918454
119410
200199
475230
710482
203376
297018
97467
594819
692934
395682
854266
984952
842466
679730
472028
923927
976430
46461
360516
541559
894616
559784
394365
233307
505484
730638
176175
228929
230943
693991
666822
809861
262076
145352
932899
681335
187683
849942
31708
908564
866159
644119
730971
385900
666117
111321
843442
23682
362256
533763
445871
709580
40422
296322
147250
629528
339378
650450
873057
717954
236725
633700
340211
847792
372536
984372
511707
867858
596636
90967
840407
748487
24121
372612
38232
905888
388556
999299
439984
241516
893456
529711
770321
554802
80027
869652
267878
765924
452766
935472
672309
819868
734413
544642
538023
233837
657884
349538
702651
997160
145187
80699
508781
936138
571951
972272
554268
715870
571114
5052
329410
366904
490394
521467
88575
596629
185605
842053
699331
173640
305474
744419
13935
357902
603521
53380
515983
690328
98677
134897
609357
452467
98718
786656
937044
760344
199221
874542
544195
566012
375602
77007
532806
806253
196987
268214
94631
559892
7986
396092
454473
353529
648122
192840
307741
690067
908521
693140
794175
465217
461617
329273
913903
184253
441995
322521
562477
794587
205143
196705
38343
509326
45762
502381
959151
212785
818403
259167
12598
910992
470603
198885
863019
218547
472311
623630
836663
57783
5284
580575
716620
586967
562260
99271
92631
871377
298105
437404
231498
964388
73762
637395
360583
875300
638707
208948
589894
366420
808753
421576
437513
644027
813436
516350
68609
786128
210828
127537
910084
184515
897528
342517
260838
369426
777699
122292
881979
332209
597406
255099
321736
864693
299152
622099
906640
493535
6370
316789
913523
303657
408790
78741
426163
316925
886959
577470
775877
120571
187834
313666
267153
124406
843262
292737
97424
166715
809267
169532
994291
185770
996472
263340
114096
327249
460610
698671
172418
167373
26949
940056
610133
697459
33602
158012
837908
337581
696082
188545
247516
525421
319062
329994
730111
360909
211233
858705
899617
378110
695231
938999
83643
762861
47038
553060
414831
237992
547855
182834
32320
397534
86349
238725
485997
487135
910306
648801
925495
499986
194099
597456
551358
985852
62013
133870
107601
155416
587369
258343
902868
702923
73485
138512
961661
267194
614944
307649
427616
604431
536218
53694
267566
355747
809633
720355
658140
758224
965748
310590
175885
770358
326633
607918
57436
861049
616149
12530
348000
145901
131225
426789
714416
645388
694248
818716
63344
186531
549082
542213
875611
873026
211842
99240
344516
108381
42462
791850
988903
872374
964193
630937
401067
323281
325581
943740
185060
826594
373091
353599
942732
195539
182431
193150
372850
269542
182757
956086
162880
953808
600339
92829
373539
496573
246874
311861
442988
90082
82544
561211
770519
847229
895025
33486
78886
827834
253060
863082
399880
66844
616813
665602
579588
491352
117133
707259
657688
204105
51964
285935
339471
858279
590547
855804
49753
751589
524664
533847
734579
827401
161075
889295
659681
986310
610437
335972
943854
983722
795349
22713
460967
717320
473837
848472
46053
892833
454442
116440
648939
897370
965230
385423
193150
206637
831423
276933
418304
805690
714954
352897
910988
912433
174190
691577
862110
758899
713132
458232
827979
307413
306840
592269
917874
557082
113428
714054
382617
530582
212875
492257
536680
122077
249023
6565
310601
734155
793516
90759
501014
34980
99082
247632
962331
226443
664404
489902
567129
929918
694014
380209
751580
168268
103978
618512
857709
951120
197791
756618
286104
654939
516807
7277
680624
730304
655607
659236
980983
265817
25155
309826
199548
591427
645169
983099
205465
413503
52058
214249
632234
939818
319887
349964
264109
74676
9209
639585
902209
42730
582266
173364
762986
734616
452910
361826
919689
658344
375748
444184
161747
627449
321390
463941
917480
220253
333319
256277
562310
604123
116768
254481
517659
534457
271147
341681
34971
210182
144926
549273
454805
195900
265520
134931
32707
805331
176599
460749
131570
181589
301396
136031
694457
806851
142942
89431
432366
327310
730816
591590
88163
388886
728864
762112
470950
644983
29477
763676
694344
219628
977412
711258
197694
687695
589748
305903
681000
68438
268483
340164
42308
419417
538393
516287
770612
364936
285143
468398
17814
296466
817312
486409
750026
42079
830839
202057
961538
517721
15548
416404
924002
245278
610787
323378
838913
650634
690862
615317
63213
739565
340804
344224
285862
90068
169160
956356
647463
96854
796886
617980
815553
56991
60031
806566
454919
995324
668797
154393
365302
94051
976705
700467
798131
212953
330952
31885
109404
265078
198693
277174
957623
147239
893883
551871
713678
515533
265394
250541
613837
943132
149568
529608
457508
900932
738957
431857
328207
561216
273891
366118
899146
640292
624673
74624
374151
368169
399535
795704
10086
201611
187181
60943
468759
81529
422571
453597
954260
876432
150766
699055
205953
150804
656035
658264
937862
550505
522034
151551
241914
906951
193776
52908
805567
627588
523242
763793
533538
62260
97838
688
308928
313423
374572
812070
180723
392668
772686
878200
222738
716901
913614
441027
673249
684543
139530
661738
735134
475468
290360
809899
593050
277962
474049
450871
787223
861786
225971
717067
72644
788521
20780
823876
288015
578690
573614
222487
560510
839694
747465
169541
380442
699471
169639
37513
694194
887794
852634
389884
184245
460514
213382
701641
331925
471550
889696
618312
691507
863322
663877
815714
43513
468334
620841
847756
740623
292962
391752
851120
611326
189080
964007
613306
244472
609953
74599
304499
342115
393911
646214
123884
98591
422645
74092
217513
240473
560515
426540
487486
445117
497105
783133
331192
344708
987303
2013
924516
218284
511543
181322
394393
775914
563365
959717
113758
147263
612321
587007
395911
301015
287282
388370
65499
642111
478561
844220
739757
460572
866795
12680
166355
238621
852393
432765
633148
562127
981386
963739
290305
527862
741872
239749
206741
89866
39790
548753
120498
746164
753594
980823
136625
331390
514469
633377
76331
451358
262039
509432
787626
272362
185092
499943
490348
961036
372686
502344
147437
59822
873031
294861
929491
478618
885911
259741
71114
584951
498927
428470
805225
82998
718718
608154
605472
986057
545337
540630
667078
7570
491317
144526
412895
122568
256508
895326
824121
884391
235599
309682
564118
320825
157305
317566
188918
879284
432522
29481
219487
942432
723318
35868
488488
893643
835452
911942
968245
575965
284188
43595
236795
258741
786479
238624
845366
902821
492179
842441
113309
598301
982752
238530
295472
537963
938027
681331
642165
785132
899853
382828
603367
396384
746100
654033
316450
167594
329246
688668
560711
386025
230893
268746
562149
491688
736834
270369
388376
477973
946905
352961
186289
194535
399650
626269
184002
454681
713904
406867
203803
995043
527721
399510
414299
887019
449643
768587
187640
957538
828129
601040
221616
140922
892027
204516
536677
454126
218301
533120
564309
464425
542784
788066
305936
701588
645563
901610
460448
455861
414661
180067
493650
798582
219993
855318
854379
464004
414183
674129
929716
438922
117587
940694
875690
720939
441999
620243
160047
726733
960791
210150
510097
258440
542845
89888
971378
769253
633416
972286
951786
908643
687174
895946
451036
973062
736971
922302
156756
939781
16452
330684
726220
219524
145450
640884
366662
127777
634185
235110
777312
345227
365593
699836
622732
314468
274683
262955
969759
603187
659664
862747
539246
753245
431605
452592
199053
30617
137773
118967
856142
792888
778312
470146
793336
899023
276771
539181
540262
700378
962065
137095
568169
672428
572750
190860
454776
673465
104087
105638
677994
149485
284179
601859
866311
343784
587531
795111
158818
715275
472716
510468
309322
321278
965388
952723
306648
878572
798713
890168
577229
580738
70350
451914
286218
520337
778448
487398
859862
741213
658675
191596
614527
529246
460133
360595
296730
539095
170082
209567
413728
750025
725701
158805
465658
45642
435702
373386
577900
420364
675426
128134
576323
429736
416118
261969
248219
522198
802398
84323
388209
316640
301529
101219
241087
723150
913880
839734
122523
43552
556069
866933
323720
833888
6592
823020
887600
362727
738303
918308
481748
957203
552938
879769
387329
392949
179946
775290
573350
754576
905215
492393
932125
870142
854826
903077
14451
506023
774837
907552
21992
997890
20118
617033
389527
888987
993602
909388
21192
448655
461902
471316
132526
652079
14028
226862
694064
316472
427046
744482
672462
609423
855805
813452
621516
71901
573469
885364
688196
631407
455372
487522
767725
820023
520806
32489
366935
557620
625676
671619
716581
412249
833505
970331
810995
207734
83119
218993
347391
212741
518390
135669
987344
916146
248745
565622
969396
570207
368723
537341
864460
266135
780678
696007
184608
295863
736789
702665
631045
949324
44869
661045
998523
698347
567043
13817
141109
926230
981152
636230
948220
976354
771852
47442
979971
313685
71668
758497
267391
19777
281847
780785
795700
674897
368667
229955
357827
920145
352938
777614
790527
637955
788737
426823
86891
741126
962010
717224
516767
18528
130475
1825
680517
349886
373334
879802
371771
872574
522645
218343
231251
360077
207724
451432
436447
154812
259843
4594
90882
487243
596471
762022
551878
908748
232711
466126
667188
867420
252090
819435
778574
164048
409721
844908
394316
139716
537904
753106
632877
967021
77565
163291
896353
343642
868499
30422
745067
219997
797190
41130
613592
931994
23086
559153
833681
255395
282487
424341
411046
450044
203793
39210
140596
320248
658694
213183
938723
681841
920922
177012
721388
396968
807525
28530
763215
314394
37206
625745
235519
36139
756054
604438
540102
420514
553094
764796
130865
127112
316404
545260
746740
311109
965088
681631
367120
782188
433254
435622
744925
557703
279180
969425
72622
760172
946204
541507
192996
235965
11406
203689
779109
105067
724024
590762
76892
691021
757549
211208
128957
925708
377829
371280
879695
375346
164034
494550
199414
492103
10192
135162
659196
560003
382033
425442
838382
74264
707251
47116
53012
970016
336817
70279
656252
199316
730819
165407
480785
644656
394387
761061
568344
252661
617540
693597
62993
573427
257416
775030
32479
598975
642121
491400
25910
908525
172527
736297
376207
648830
351669
82902
612239
804558
780945
602730
858226
546704
128165
650435
766954
186302
194551
351388
358531
406179
986108
752397
117879
995283
129373
725795
841811
268100
62354
753289
20541
715956
178538
658307
988629
207476
505193
204247
686819
232271
556722
230884
638934
264899
719683
662361
666929
315403
898131
287527
942398
128280
176280
687060
204272
293423
940036
61672
360156
740660
239789
1830
232679
703704
173902
431816
912439
259895
725677
59571
35574
978828
796136
668664
316658
45989
140769
499849
836609
466789
540492
787065
910456
601856
815361
236346
841273
336260
224156
866036
504274
643292
383790
162771
499031
167721
89546
950142
557936
723946
320475
715527
5508
281208
273861
395511
325819
91055
488476
781405
314264
101489
988410
773785
865108
697746
907600
688598
177667
111426
239742
697260
51687
547662
199073
269302
986433
194324
174626
178520
998189
797716
413823
232194
427320
416026
380895
387837
518735
294739
201401
333074
228546
547558
726200
921613
534904
471806
526568
81932
512440
879093
566687
945153
567446
780031
390584
974746
524856
126010
407654
823051
708294
81597
264224
488275
760905
477843
348190
100465
717377
679813
189563
326134
756499
90896
891855
948560
138800
911978
757544
654434
65278
575297
955409
437413
580884
480827
418386
315261
190417
277283
157635
249645
554632
950349
831831
256289
490869
407496
720284
698075
515130
81753
214288
664795
331561
316064
563176
160669
417
935361
889899
544356
997080
465252
425477
296065
12374
914215
502541
722530
138379
900470
95197
652963
34129
175179
595825
527771
772032
270412
78937
536652
328545
83308
518094
623888
101577
697109
293904
245961
412298
635283
859473
740313
680466
46677
614247
43914
850088
27669
877990
286459
686168
401542
353728
475371
763507
795802
621804
88460
324938
784930
16759
894928
699103
199069
704568
736566
636803
438384
899851
318377
750163
778369
940966
281472
220282
203112
375495
960983
76755
261540
299441
267870
646376
805937
940502
75875
218551
242520
879163
343504
581363
100621
360848
955830
844971
310038
868256
931997
887919
565364
495040
211729
837171
551613
690314
707755
224108
607241
628048
690962
846417
608628
796245
861201
909769
474376
397819
649074
723359
708286
808477
392646
79820
826610
646420
37924
462757
348205
974540
923059
394029
265471
777831
23639
558177
559445
137074
760029
822770
374209
454418
97654
911190
923750
677286
207195
278296
68686
714132
394103
689604
770778
138882
355427
111071
309894
840442
76859
779271
231110
489523
844036
740678
478894
567053
909489
723987
70807
226810
330305
940841
964946
449435
371418
298017
483314
785858
655600
548095
767621
485184
933578
105791
264468
955461
946374
613632
163664
315264
356817
853283
46418
259911
138313
267852
739405
588146
126365
185619
516219
513470
661928
817155
339483
318880
385617
235432
794885
4551
277862
842503
732679
325139
982539
276516
402690
16626
300203
319280
45625
72256
491952
127278
486490
642900
696072
27989
265185
509281
327000
198558
234850
101774
799779
775313
360278
728115
303060
330313
656760
10134
629822
195063
823926
527715
267400
811719
149715
321499
47007
148564
686315
215433
657841
229215
532948
886052
241986
993989
299641
227505
103723
37018
471588
839593
290467
244188
445531
400721
432450
994640
467534
278436
764409
382531
565815
977315
694891
865949
842819
927297
637458
856311
167427
675096
72924
24287
391254
757183
972914
517217
702225
404864
782403
858194
624113
760333
132521
28436
472508
467127
334829
122256
785672
339229
494338
7886
363005
310164
771004
627615
64352
16712
917995
927133
450128
181461
729954
916676
675271
424243
445601
35516
789258
254542
466391
816526
739964
775321
976593
829004
930858
63242
180021
15622
139081
281112
904804
833334
966184
325439
269940
58249
763810
215298
956027
720937
153382
488292
377439
401311
841839
585200
714365
31208
424749
576993
330472
427952
263612
616183
575646
13635
325936
179091
353081
562576
84677
506394
116176
363319
187884
646401
153051
881761
629905
158851
115122
868430
582265
846532
751092
865627
875345
847924
718800
239111
361213
46069
164805
184167
33526
27229
485153
637377
832123
757448
310736
663090
517959
735974
296695
677531
868310
631531
737788
823698
712634
310790
380208
916630
6292
727939
55268
641325
222291
360066
921469
104539
830494
745160
168867
416883
529251
207835
13293
713094
196145
42464
687836
906030
232577
264229
925168
513911
91151
535658
116645
100499
295352
29545
932762
224370
187731
798719
694418
306124
975866
688946
195595
491313
384586
953322
995407
412085
368470
504828
421143
731969
890395
178304
653792
495910
729900
463891
303661
601662
649408
921097
826106
158758
16841
885936
976010
107811
159928
143156
254530
235523
310516
951432
962764
639768
986449
181410
44379
774289
54079
354868
372876
434013
516250
57780
519029
429654
278592
540933
320200
244254
761209
318780
765588
664478
243379
230555
810122
235944
255624
737246
734574
404559
166514
193823
580612
374762
350834
458214
6899
40798
971256
476827
635956
828576
457397
420981
591426
923350
224180
539453
461461
152434
35631
139385
366388
742328
690811
11154
157405
276102
385279
172331
27949
439563
184531
21734
980529
563683
535101
866588
659182
545964
634532
314177
31333
464851
783148
203909
282761
89011
548620
596553
75466
527234
688521
834476
10627
464907
296622
840020
737499
789467
565389
628728
653926
919918
890204
479976
555347
824457
780040
329585
906492
535442
184861
727372
633637
952384
401762
137109
465162
861331
679873
447225
884282
392975
8317
307630
700198
591992
342002
311365
92573
376575
696806
99369
739098
929818
128710
182442
297039
483555
600690
646590
77085
530451
136690
936226
221375
731581
463766
594303
77546
174442
551475
179233
746713
180280
71866
575571
975706
559805
823922
568707
662523
72828
593062
863427
248819
860024
749334
691989
184413
784002
127160
779451
466154
942029
375029
712303
977126
94216
15276
691023
982067
388676
912104
237995
670995
559078
710246
679304
85420
720265
77199
122248
110159
993999
258686
209951
468654
459625
540040
150316
820809
343384
695453
388613
129778
935290
402523
821294
437736
453938
901315
633245
70561
967316
885150
681466
77493
521615
724585
845250
404212
830250
646573
916265
896412
231742
417525
411499
735823
137792
412039
157855
321791
861857
688279
619252
928862
543688
836519
715402
694515
866781
919134
316019
620994
403361
778290
685023
311397
715457
351883
896372
102509
790849
408769
646484
105518
999096
291066
947772
420646
515540
834365
903648
452846
80153
625881
137407
823087
33266
156141
475726
843428
801669
221535
172103
903901
396280
143054
296344
405415
26504
980831
913315
65231
636627
944573
327470
520220
25997
626755
979244
157989
227479
518439
545231
17078
987589
506854
416109
414851
516923
699357
4642
685294
160927
970187
270597
38838
278767
84399
440293
92470
411993
117633
145534
60742
774878
160904
110007
946964
204785
976315
70800
328706
973580
352643
838517
492902
280074
398963
271521
743220
818662
910048
468187
675982
550784
238951
665575
100824
693507
820274
173805
68393
983508
601822
172430
159793
474883
162875
348479
791090
485708
224072
165361
791090
820928
586887
17680
921740
68118
279969
649065
327865
587858
835083
988440
126603
801886
167194
994717
476784
519926
491195
190763
504621
339986
72086
314481
404466
607170
375876
918257
882027
22436
365269
807523
862315
755481
267186
925036
45720
834840
128441
659558
463017
663507
871387
585906
653706
739802
363117
327944
472001
50951
219815
576886
810893
150729
682086
294374
727124
632772
917634
783079
548496
567564
534390
617189
549880
483827
920223
390928
695363
643974
264585
865342
761405
688489
763007
371901
879478
205531
557069
266046
166554
419771
420491
814611
647941
988406
66274
148141
119349
842480
220287
812430
943696
118120
283482
13199
33058
484942
487922
863607
427287
597877
941056
816420
948204
973825
848191
990931
381932
326009
504870
289323
521769
276592
358857
37974
190190
412064
555717
386288
50895
846108
902457
848933
620504
811077
110469
186965
394339
311950
512019
289113
411896
545540
183785
836586
904981
612934
556452
313076
895107
34620
141132
356208
736662
715392
961394
537493
638450
300138
643914
404932
138629
311744
891316
25724
356671
68855
237479
326105
600874
143879
568634
241164
571081
40590
882798
59560
963638
845890
155638
376375
759263
841700
982579
751909
854381
450687
875001
515052
982613
433453
702620
146929
65476
955013
794658
333838
230013
994835
639161
88072
735923
587416
952836
301031
965909
549305
133032
715120
450361
673682
749007
579205
621075
855048
781364
187034
618659
244279
776562
88783
14347
328238
947662
13011
749366
778332
522971
439592
943613
18861
321005
323789
480299
728671
613218
687429
434324
908616
825160
665234
479561
722470
522293
122669
383829
50433
428394
146231
580252
582022
932521
547951
589795
319129
654764
22916
762179
560170
161503
751967
401010
792751
847664
51284
843815
434930
336465
136391
478839
34117
486410
190195
997822
357844
240779
702972
407617
792099
106648
486814
453389
600575
8448
857832
142264
892180
625363
226523
998690
594301
92338
739992
531397
335805
121273
679319
146726
906415
181928
31159
404231
878072
371384
24749
77846
49080
996365
453811
959533
603277
694497
287401
722213
264162
128613
414602
444925
267869
902431
364983
595514
679069
366462
500124
364817
430312
409769
481024
251178
478040
166187
782061
705240
637425
802881
644236
462399
983402
204640
138752
913867
186692
419026
946545
497232
791327
185554
50213
623509
234106
736297
781852
100052
356640
325834
573635
357358
267058
625214
317532
42648
671172
197628
456396
704259
211806
762714
800713
358253
930233
851952
593615
702301
695067
759352
531364
621759
331697
399647
287282
418998
229243
800465
584226
889435
402261
475458
13991
966345
340831
852112
611608
161397
495384
261013
658319
439034
911539
732533
309095
480135
355459
992478
418860
514106
251635
599946
376180
28360
892734
128677
843970
700324
675078
657436
53871
839473
563521
605451
704238
475540
595936
125731
571286
983910
218
852044
658719
800356
415649
784643
83284
344671
785685
495295
921964
746335
720646
633954
931146
345300
516497
927412
388868
227063
559865
474525
308357
243595
549604
163117
924381
70337
821695
460423
663498
854340
76939
661942
775106
919760
979871
922828
422301
814331
422492
41449
309807
704017
727873
16514
860882
752984
706398
857165
545874
662129
271324
989686
212191
981797
270552
875013
168772
162954
297958
127944
337709
565958
510294
512010
1492
807216
894660
673165
546422
891376
6694
371025
131055
550358
931121
268080
393106
90409
103960
45372
149083
834474
679643
727330
537950
939589
326518
619021
213486
967628
690613
185776
999549
92597
280273
538207
888273
238827
193192
924853
383309
761798
932597
780221
968542
506930
540736
427742
917270
211604
415574
495159
747666
251776
470492
464145
377413
676937
747026
546420
433711
325816
197091
255444
234448
570093
113859
625719
672114
894524
609381
21024
604140
89274
612259
868414
381653
303870
90111
456541
833187
592077
589259
144913
360752
863141
728026
944915
802694
347210
980229
453953
371127
781385
941874
550840
281265
527737
286795
93526
655830
745760
785877
99572
909749
559104
89743
535232
98708
880074
456195
890797
649671
185260
241419
177851
482312
71795
767898
848345
777376
866127
132167
405902
551286
905809
622003
156540
755922
369715
675335
628976
838269
693206
732084
683966
566750
672158
905380
227625
459341
333393
129998
745425
333163
528955
333599
581593
336043
997780
220260
2876
317641
330698
456023
606152
551003
873363
402587
556127
625040
106556
58004
472351
794198
454450
532158
524075
193679
788824
210021
436935
106889
120827
737104
667256
906368
101781
99244
957729
380250
990648
362777
852509
903407
688172
91385
520268
315730
286323
62310
410510
429568
336578
667358
851444
804180
701684
303023
686985
797117
422951
129301
445964
930769
508722
808175
338357
296889
929613
220459
581392
62727
392160
703631
172622
139457
654985
53497
247559
726945
250154
388939
586245
758417
477328
991739
666121
234461
449409
402372
897825
57832
785793
377891
326048
258863
272966
799458
129351
435855
442035
254762
710828
825642
548976
814532
35796
666574
885698
472523
143154
419532
698713
824830
433853
972094
247037
827033
422897
166852
692121
886681
130578
866905
579960
123763
184126
299901
649180
363298
2739
606557
578782
311848
146963
360419
75356
413721
27627
322672
391951
82804
690068
849163
969436
362439
316144
176333
396053
578430
419506
278612
292014
219212
448912
111868
43356
102439
659807
835846
532917
868638
666219
43081
146183
980340
42980
112622
365851
698984
712554
553932
211402
962111
621276
609684
628542
689828
386535
445728
688299
812178
179470
972328
116672
228024
96992
712832
243128
981255
672447
164271
929859
171534
976008
778938
423609
504553
963882
36835
357999
930654
349676
75930
326674
520908
291779
494
546223
586173
617370
297368
132708
57346
136666
755803
426762
313979
840303
908624
619612
973617
418212
290749
656006
635659
590158
745702
19921
211247
196066
601549
545024
264623
858570
784775
834301
741609
300679
843933
221839
567271
78242
414467
464675
857576
569904
871935
513735
908749
556472
792916
780277
703260
617155
371229
287878
402813
871881
121636
979907
186387
306895
44039
238525
835348
35117
918237
363673
667833
363244
552658
359115
781050
464313
620000
877497
72847
787491
178600
587516
182827
76087
100361
543671
318504
10281
404423
362706
913429
42869
930332
140737
201903
954263
875253
81177
88859
17317
466885
745983
143664
432984
447031
691339
153075
874631
100331
3825
431227
561804
278536
914202
3531
273517
242724
233366
856511
106621
174190
828629
677079
586609
889338
738401
892443
946172
634690
809424
365765
1113
835216
933167
802909
73718
322500
56551
782055
840456
878850
147102
330635
813860
899227
203757
143017
407731
595018
221902
857546
180298
441914
744890
292988
901711
508795
264158
182135
550297
895288
266173
734267
206207
752786
166857
308356
81644
266984
722742
585355
603576
539605
763014
890595
547884
522782
247707
736280
713124
31629
724735
229234
517603
388890
232029
720535
205222
440064
570982
961341
53556
